	mean	iqr	cilo	cihi	whishi	whislo	fliers	q1	med	q3
0	26.043840119332973	0.9005298614501456	25.867569084891677	26.151759986153323	27.8144245147705	24.9386444091797	[28.1931591]	25.56541442871095	26.0096645355225	26.465944290161097
1	24.097974912084716	0.7731294631958505	24.031718496553047	24.275704141386356	25.3957939147949	22.7778968811035	[]	23.72486877441405	24.1537113189697	24.4979982376099
2	25.857170875626384	0.4677114486694478	25.732994492510134	25.880595747968467	26.5550441741943	25.1118984222412	[27.27034569]	25.632656097412102	25.8067951202393	26.10036754608155
3	28.995429665151274	0.9564914703369496	28.823037098480643	29.12488846914636	30.7240905761719	27.2038307189941	[26.62820625 31.0094223  30.88704491]	28.46594619750975	28.9739627838135	29.4224376678467
4	26.83863516528198	1.041498184204098	26.71507844506872	27.043756393798482	28.7583618164063	25.2341156005859	[]	26.29454135894775	26.8794174194336	27.33603954315185
5	21.39459963519164	5.823595046997102	19.03736542079223	20.875186459090568	30.8870449066162	12.0011043548584	[]	18.784188270568848	19.9562759399414	24.60778331756595
6	22.455850447067107	4.451170921325652	20.656715393814828	22.06142425462277	29.7080974578857	17.3927211761475	[]	20.2205438613892	21.3590698242188	24.67171478271485
7	25.26778103606869	0.8756742477416992	25.196785570097234	25.473132490205565	26.8865127563477	23.908863067627	[]	24.8021306991577	25.3349590301514	25.6778049468994
8	21.20163728733256	0.4445610046386541	21.140297706579016	21.28059310152638	21.9575710296631	20.3396224975586	[19.74553871 19.9969883  22.54665565]	20.98072052001955	21.2104454040527	21.425281524658203
9	20.32820557103012	0.7187862396240483	20.232203154758906	20.459039063258693	21.3926792144775	19.144998550415	[]	19.93964767456055	20.3456211090088	20.6584339141846
10	21.043734733504483	0.983146667480451	20.87470120609986	21.184964473831737	22.1671714782715	19.7672538757324	[]	20.57252407073975	21.0298328399658	21.5556707382202
11	20.368124855889214	0.8365192413329972	20.213625954103936	20.477616263913664	21.8084297180176	19.2404193878174	[]	19.9469747543335	20.3456211090088	20.783493995666497
12	20.945142148721104	0.625424385070751	20.92352286774023	21.120895467220773	22.1044788360596	19.8108654022217	[19.60112381 19.60231972]	20.6418781280518	21.0222091674805	21.26730251312255
13	23.506168095752447	0.839511871337848	23.37219800995849	23.63713273955331	24.6733646392822	22.1344184875488	[21.65291595 21.77353287]	23.15105628967285	23.5046653747559	23.9905681610107
14	20.96204873287317	0.6943197250365998	20.84876897973358	21.06788369970982	21.9620265960693	19.6858386993408	[]	20.5946855545044	20.9583263397217	21.289005279541
15	27.10492771803731	3.3399305343628	24.56746402396286	25.621485560998142	27.477466583252	21.9520893096924	"[36.67618561 36.67618561 36.67618561 35.7413063  35.7413063  36.67618561
 35.7413063  36.67618561 35.7413063  36.67618561 35.7413063  36.67618561
 35.7413063  36.67618561 35.7413063  36.67618561 36.67618561 35.7413063
 36.67618561 35.7413063  35.7413063  35.7413063 ]"	23.750527381897	25.0944747924805	27.0904579162598
16	22.291073057386612	0.6093873977660991	22.24821789451602	22.440529511489782	23.4053153991699	21.1140537261963	[20.87657928 20.89772797]	21.9869709014893	22.3443737030029	22.5963582992554
17	28.29991340637207	0.6683044433593999	28.186061058677133	28.396965827309266	29.5242729187012	27.0298938751221	[26.09126663]	27.969877243042	28.2915134429932	28.6381816864014
18	30.419665924226393	1.2273645401000977	30.161902838659813	30.549236840295187	32.3496627807617	28.6515846252441	[]	29.803409576416	30.3555698394775	31.0307741165161
19	26.011757937344637	0.6040849685669514	25.927221912927404	26.117860179357795	26.9747924804688	24.9922027587891	[24.6525383]	25.72287559509275	26.0225410461426	26.3269605636597
20	23.729848360774493	0.5339803695679031	23.644954544399575	23.81346907010243	24.6147594451904	22.8754978179932	[22.51952362]	23.490550994873047	23.729211807251	24.02453136444095
21	26.965374301178286	0.9426116943359482	26.895112455247332	27.19258362019207	28.2915134429932	25.3832035064697	[]	26.468802452087402	27.0438480377197	27.41141414642335
22	27.197654512193466	0.4984064102173029	27.12518670452125	27.28247473346695	28.1132888793945	26.287353515625	[28.18762398 28.32923126 28.18208885]	26.926506042480447	27.2038307189941	27.42491245269775
23	29.357471177072245	0.7363510131835973	29.24050947354023	29.47288850619617	30.5602588653564	28.1132888793945	[27.50707817 30.88704491 30.84434891 30.96799088]	28.9985809326172	29.3566989898682	29.7349319458008
24	24.956961506544943	2.109176635742198	24.59908725207361	25.264705167359992	27.7181873321533	22.1754474639893	[]	23.86718940734865	24.9318962097168	25.97636604309085
25	25.75066732156156	2.307593345642097	24.5307191095674	25.2589537419952	30.1301975250244	23.2859554290771	[30.16371155]	24.374644279480002	24.8948364257813	26.6822376251221
26	23.446129558062307	1.4979887008666495	22.942742439994188	23.415480521431615	26.2309112548828	20.5318870544434	[26.53731346 26.34068298 26.41893005]	22.5853080749512	23.1791114807129	24.08329677581785
27	27.170868131849506	2.5286045074462535	26.568059677846716	27.366041426889684	31.2688579559326	23.5271415710449	[]	25.833546638488798	26.9670505523682	28.36215114593505
28	24.700464884440105	2.8211803436279013	23.599400881556214	24.489714261265988	29.803409576416	21.5806293487549	[]	23.08171939849855	24.0445575714111	25.90289974212645
29	24.553686373161547	2.7683525085449503	23.000532197897606	23.87417407041299	29.6626586914063	21.6088447570801	[]	22.9749946594238	23.4373531341553	25.74334716796875
30	23.15062906284525	0.7256498336791992	23.084544214087387	23.313546148461413	24.3833694458008	21.9218139648438	[]	22.77437591552735	23.1990451812744	23.50002574920655
31	25.69893605781324	0.5638914108276509	25.660834218407082	25.83878812656372	26.6950492858887	24.7260513305664	[27.06605148]	25.39297771453855	25.7498111724854	25.9568691253662
32	23.1825513358068	0.7064046859741495	23.064810995997888	23.28773951059391	24.5135688781738	21.8378257751465	[]	22.82080078125	23.1762752532959	23.52720546722415
33	32.297781703448045	0.49221420288080253	32.19483977359205	32.35017365414235	32.9758262634277	31.4865875244141	[34.04190826 33.56066895]	32.0181465148926	32.2725067138672	32.5103607177734
34	31.53755502026491	0.7621431350708008	31.366328245006443	31.60684680382176	32.8334197998047	30.0082855224609	[]	31.1505479812622	31.4865875244141	31.912691116333
35	28.407487907794994	0.670874595642104	28.252178110206824	28.46389397231278	29.7205390930176	27.3582401275635	[29.8269825]	28.0648250579834	28.3580360412598	28.735699653625502
36	32.713766772337614	0.4654655456542969	32.63512614310729	32.782018632283304	33.5606689453125	31.9517993927002	[31.75379372]	32.5103607177734	32.7085723876953	32.9758262634277
37	24.61123406766641	0.5772085189819514	24.58827544093724	24.77043198704136	25.5354671478271	23.5693912506104	[23.46313667 23.42922783 23.26946831]	24.34387493133545	24.6793537139893	24.9210834503174
38	28.125161604447797	0.8782901763916016	27.961591535005653	28.238763994779546	29.2410430908203	26.7208499908447	[]	27.6846618652344	28.1001777648926	28.562952041626
39	25.28694586320357	0.8193254470825018	25.119508610967234	25.378072870966367	26.8865127563477	23.8102416992188	[22.44721413]	24.85238456726075	25.2487907409668	25.67171001434325
40	25.952064514160156	1.385116577148498	25.782318537814568	26.219436222927634	28.2151756286621	24.1489601135254	[22.90507317 22.0851841 ]	25.2505302429199	26.0008773803711	26.6356468200684
41	27.947146675803445	0.9016284942627522	27.843155236816262	28.12769284667974	29.803409576416	26.2607765197754	[24.89483643 25.79911232 25.97443008 25.86029816 30.4785881  30.39453506]	27.5502834320068	27.985424041748	28.451911926269553
42	28.01215690073341	0.9956092834472017	27.785051994250054	28.099248237683547	29.8269824981689	26.2202949523926	[25.93456841 25.92588615 30.13019753]	27.4922723770142	27.9421501159668	28.4878816604614
43	27.0126856408938	0.8773279190063512	26.878605858293003	27.155474647077998	28.5957489013672	25.5236301422119	[24.8326931  25.26694107 24.84954643 28.99113274 28.99113274]	26.589344978332548	27.0170402526855	27.4666728973389
44	23.542107379797734	1.6226272583007457	22.70806782324847	23.22013957421253	25.376859664917	20.9022178649902	[32.77099609 30.28346634 31.8125267  34.04190826 26.77563477 29.66265869]	22.354743957519553	22.9641036987305	23.9773712158203
45	23.521406250770646	2.05364513397215	22.370176813984582	23.018269993876817	26.775634765625	20.3038749694824	[32.77099609 30.32390213 31.75379372 34.78823471 29.66265869]	22.24377727508545	22.6942234039307	24.2974224090576
46	31.323530409071182	0.9903974533081481	31.220036513703757	31.532587998015043	33.1214447021484	29.7205390930176	[28.42933655 28.94116592 29.3081665 ]	30.82212924957275	31.3763122558594	31.8125267028809
47	30.451757720022492	1.8967790603637482	30.198336527789387	30.796925618206615	32.77099609375	27.5070781707764	[]	29.560981750488303	30.497631072998	31.45776081085205
48	32.33180839846832	0.5846443176269034	32.25741120607414	32.441914355449256	33.2696647644043	31.212345123291	[30.51667595 31.05212593 33.56066895]	32.0181465148926	32.3496627807617	32.6027908325195
49	30.802483529755563	1.1049900054931996	30.511572843737547	30.86028766041285	32.77099609375	28.8397731781006	[]	30.3005657196045	30.6859302520752	31.4055557250977
