	mean	iqr	cilo	cihi	whishi	whislo	fliers	q1	med	q3
0	26.848308334350595	3.4887542724609766	26.03690999105948	27.58613688394052	33.5458526611328	21.8664703369141	[]	25.076212882995573	26.8115234375	28.56496715545655
1	26.790704421997074	3.8867759704589986	25.956061115117805	27.6820347405951	31.3996810913086	21.0456771850586	[]	24.791791439056375	26.819047927856452	28.678567409515374
2	26.56639965057373	4.199961662292502	26.100556190164205	27.96560401186219	33.3704223632813	18.9343070983887	[]	24.422143936157227	27.033080101013198	28.62210559844973
3	26.636437072753907	4.325212955474875	25.83743780683725	27.75810510087755	33.338306427002	19.9748630523682	[]	24.337339401245124	26.7977714538574	28.66255235672
4	26.499464302062993	3.781008720397999	25.90238012943452	27.581386426351585	30.3105125427246	19.4885959625244	[34.28622437 34.34423065]	24.462332248687726	26.741883277893052	28.243340969085725
5	26.31964370727539	3.6006464958191238	25.419758345157724	27.018672440975074	30.7346343994141	19.2825870513916	[34.19649887 34.48856735]	24.431023597717278	26.2192153930664	28.031670093536402
6	26.880145378112793	3.746573448181124	26.148844014226587	27.812558878839813	33.4284896850586	22.1239070892334	[]	24.993922710418726	26.9807014465332	28.74049615859985
7	26.63057846069336	3.8351621627808257	25.73564272712955	27.43869656730405	33.1363334655762	21.8790874481201	[]	24.642398357391322	26.5871696472168	28.477560520172148
8	26.694476776123047	4.313841819763201	25.544442728692758	27.46006052142934	33.2604827880859	21.7215137481689	[]	24.49069833755495	26.50225162506105	28.80454015731815
9	26.922893943786622	3.67268133163455	26.198590847967637	27.829492953301866	32.6288146972656	21.9439315795898	[]	24.90754413604735	27.01404190063475	28.5802254676819
10	26.662041091918944	3.6454319953918244	25.442146972546617	27.06094865428448	32.8370933532715	21.8513088226318	[]	24.932789802551277	26.25154781341555	28.5782217979431
11	26.578602752685537	3.6636877059936737	25.777323212943564	27.40423158136793	32.7829170227051	21.7276439666748	[]	24.70142889022825	26.590777397155748	28.365116596221924
12	26.200105476379395	3.491039752960198	25.73579772207762	27.286039512419478	30.4491004943848	19.3897953033447	[19.01837349 33.52017212 33.70319366]	24.452513694763226	26.51091861724855	27.943553447723424
13	26.738071784973148	3.8352460861206517	25.615426797359465	27.318517904788937	34.1035804748535	21.58811378479	[]	24.753320693969698	26.4669723510742	28.58856678009035
14	27.052544174194335	3.976147174835223	26.480784044415426	28.24644412025747	33.0686073303223	21.0483417510986	[]	24.978850364685027	27.363614082336447	28.95499753952025
15	26.894052276611333	3.191350460052476	26.618231367312283	28.03539221362032	32.9959716796875	21.6046657562256	[33.49721527]	25.127174377441424	27.3268117904663	28.3185248374939
16	26.779630928039555	3.8083238601684712	25.91272041276929	27.603856354198513	33.6309547424316	22.0543975830078	[]	24.627928733825676	26.7582883834839	28.436252593994148
17	26.315288696289052	3.6064338684082458	25.452369812199226	27.05385386638967	30.1910171508789	20.2964744567871	[18.76646423 34.0766983  34.14821243]	24.357882499694803	26.253111839294448	27.96431636810305
18	26.741656799316406	3.9259934425353755	26.003089187891394	27.7464778439689	33.4459533691406	21.7082252502441	[]	24.63214445114135	26.874783515930147	28.558137893676726
19	26.427929611206064	3.895161628723148	25.64588777218694	27.375585158721265	30.9912109375	18.7850685119629	[34.46738815 34.48937225]	24.4219117164612	26.5107364654541	28.317073345184347
20	26.96875465393067	3.864042282104503	26.12852242225746	27.84440085655114	33.3328285217285	21.6948051452637	[]	25.010543823242198	26.9864616394043	28.8745861053467
21	26.734166526794425	3.503941059112474	26.10654753656101	27.66251832037259	32.3747406005859	20.7683887481689	[]	25.088831901550325	26.8845329284668	28.5927729606628
22	26.72825225830079	3.3146419525145987	26.020339228714153	27.492249272262445	32.6356811523438	21.3304176330566	[33.27640152]	24.724430561065702	26.7562942504883	28.0390725135803
23	26.23335018157959	3.3760714530944718	25.30460300366978	26.803791619132927	30.455774307251	19.4538135528564	[33.47083282 33.59761429]	24.479700565338128	26.054197311401353	27.8557720184326
24	26.619645881652833	3.4807624816894496	26.20470195293492	27.750379986762375	30.4894390106201	20.2091217041016	[33.88838577 33.95399094]	24.844018459320075	26.977540969848647	28.324780941009525
25	27.034008522033684	3.0056781768799006	26.195179200836286	27.529889845184215	32.5205001831055	21.0547504425049	[33.07497025]	25.370665550231898	26.86253452301025	28.3763437271118
26	26.35620059967041	3.864632606506351	25.01951512329519	26.73565569884831	31.7937355041504	19.3248023986816	[34.4597168  34.49814224]	24.506066322326674	25.87758541107175	28.370698928833026
27	26.912066650390624	3.9731492996216247	25.973555151242483	27.73788398144792	33.2637138366699	21.4571762084961	[]	24.617897033691374	26.8557195663452	28.591046333313
28	26.788659248352054	3.533450126647974	26.310268382169554	27.87934305276695	32.8249359130859	21.7538776397705	[33.68447113]	24.81936359405515	27.09480571746825	28.352813720703125
29	26.290584983825685	4.0597968101501465	25.526441153171643	27.32924694192116	34.0213470458984	19.4497985839844	[]	24.3010115623474	26.4278440475464	28.360808372497548
30	26.564602737426757	4.277892589569078	25.608270805544098	27.507924873166896	31.8772602081299	21.1672534942627	[]	24.392640113830574	26.558097839355497	28.67053270339965
31	26.536681938171387	3.337070465087976	26.18123387296888	27.66310359041002	30.418643951416	20.3944129943848	[19.37273026 34.07500076 34.08700562]	24.763162612915	26.92216873168945	28.100233078002976
32	26.85493999481201	3.5572371482849015	25.854484517748293	27.434122125928408	33.0500869750977	21.7655086517334	[]	24.929693222045923	26.64430332183835	28.486930370330825
33	26.961326866149903	3.5881958007811754	26.270793208277507	27.864178410374794	33.5695114135742	22.2677516937256	[34.26491165]	24.894833087921175	27.06748580932615	28.48302888870235
34	26.824299774169926	3.5742602348327743	25.870681471714587	27.45787840377371	32.9095687866211	21.3363494873047	[]	24.91342878341675	26.664279937744148	28.487689018249526
35	26.670473480224615	3.7002353668213033	26.022622633970695	27.66576046844631	33.4183654785156	20.5881881713867	[]	24.42830419540405	26.844191551208503	28.128539562225352
36	26.235434799194344	3.9580554962158523	25.80141893318496	27.559045162884342	33.8729019165039	18.8193340301514	[]	24.272891044616674	26.68023204803465	28.230946540832527
37	26.70080581665038	3.6308913230895996	25.97705938206877	27.58940408839023	33.4492683410645	21.2190074920654	[]	24.715016841888428	26.7832317352295	28.345908164978027
38	25.93486801147461	3.922576904296829	24.834644008861638	26.576515506519165	33.7935218811035	19.1082954406738	[]	24.068652629852323	25.7055797576904	27.991229534149152
39	26.77467758178711	4.246887683868401	26.05851806186964	27.944403996235856	33.4605827331543	20.7981586456299	[]	24.388997554779024	27.00146102905275	28.635885238647425
40	26.601109924316408	4.040080070495577	25.85083098362016	27.64488129665334	34.5154457092285	19.2056617736816	[34.645298]	24.432590961456324	26.74785614013675	28.4726710319519
41	26.13876766204835	4.0498666763305735	25.335871183325633	27.13426736647907	33.8207931518555	19.4149017333984	[]	24.2918801307678	26.23506927490235	28.341746807098374
42	26.201985893249507	4.2228589057922505	25.186044637351074	27.061260279030726	34.131404876709	18.4150524139404	[]	24.243223667144775	26.1236524581909	28.466082572937026
43	27.012724037170415	4.098655700683601	26.088161040229586	27.908222626762615	33.9577903747559	21.8408260345459	[]	24.83878660202025	26.9981918334961	28.93744230270385
44	26.81515869140625	3.565180301666299	26.136441857409416	27.719606726574888	31.2260074615479	21.7298736572266	[34.15625381 34.96669769]	24.783834457397425	26.928024291992152	28.349014759063724
45	26.479317779541017	4.459360599517851	25.748231260972748	27.728468568128758	34.7234687805176	19.029993057251	[]	24.1191325187683	26.738349914550753	28.57849311828615
46	26.7234980392456	3.705461502075174	26.219732111223134	27.865190679304167	31.9592571258545	21.2721881866455	[]	24.716517925262476	27.04246139526365	28.42197942733765
47	26.7104451751709	4.0808157920837225	25.74220178959131	27.554341331746596	33.3347358703613	21.5633659362793	[]	24.495159149169925	26.648271560668952	28.575974941253648
48	26.774698677062993	3.800045490264875	26.274302543859484	27.961762367029216	33.3440628051758	21.9822807312012	[]	24.58576107025145	27.11803245544435	28.385806560516325
49	26.62473739624023	3.2703247070312003	25.952102691893018	27.404333083863882	32.4773788452148	20.9235038757324	[33.44842529]	24.905251979827923	26.67821788787845	28.175576686859124
50	26.80447456359863	3.7004990577698003	25.965414199181183	27.608669129065916	33.7271156311035	21.8827304840088	[]	24.728284358978275	26.78704166412355	28.428783416748075
51	26.771349754333496	3.5639910697937474	25.992500810997008	27.57513758621979	32.914608001709	21.4834976196289	[]	24.827301979064927	26.7838191986084	28.391293048858675
52	26.779145431518554	3.7788791656493714	26.031535094267717	27.709595734589684	33.6569366455078	21.8897285461426	[34.26519394]	24.670524597167976	26.8705654144287	28.449403762817347
53	26.604326972961427	4.627019405365022	25.621252568971226	27.675940958250468	34.5950241088867	21.7261543273926	[]	24.025660991668676	26.648596763610847	28.6526803970337
54	26.43094100952148	4.5988068580627015	26.1305340695311	28.172694308764797	33.4433937072754	19.9170799255371	[]	23.834158897399924	27.15161418914795	28.432965755462625
55	26.71477870941163	4.132091999053955	25.98064042519283	27.815549836647968	33.698299407959	20.7508411407471	[]	24.507758140563972	26.8980951309204	28.639850139617927
56	26.554359931945804	3.9405078887939453	25.554770507261622	27.304604492738378	32.9272537231445	21.2539691925049	[]	24.516263961791978	26.4296875	28.456771850585923
57	26.262174797058105	3.4601860046386754	25.395718676830906	26.932259457324296	30.5349807739258	20.3261032104492	[33.95293045 33.8212471 ]	24.335304260253874	26.1639890670776	27.79549026489255
58	26.785810737609864	3.9586319923400985	26.189875069831764	27.94775730016334	32.1241569519043	20.0457534790039	[]	24.546593666076653	27.06881618499755	28.50522565841675
59	26.84136199951172	4.253481864929224	25.999534986718828	27.888349153295778	32.7488784790039	20.8600635528564	[]	24.63264894485475	26.943942070007303	28.886130809783975
60	27.015514869689934	4.3879466056824015	25.92610619517687	27.87463118580453	34.8165397644043	21.1619319915771	[]	24.543447971343973	26.9003686904907	28.931394577026374
61	26.336958770751952	3.7038168907165243	25.75714274561899	27.401871002549914	33.2469749450684	21.2712821960449	[18.67136765]	24.502696514129674	26.57950687408445	28.2065134048462
62	26.76996246337891	3.8905930519103755	26.121470507287768	27.84913915762923	31.4350299835205	21.0359020233154	[]	24.726534366607677	26.9853048324585	28.617127418518052
63	27.037424201965333	3.8905367851257466	26.329588087568258	28.05723175190924	33.1091079711914	21.4579658508301	[]	24.8552346229553	27.193409919738748	28.745771408081048
64	26.774658393859863	3.936230182647698	26.220979654166232	27.968914068367962	31.3204708099365	21.0201034545898	[]	24.645458221435526	27.094946861267097	28.581688404083224
65	26.812192916870128	3.337494373321526	26.057136341636152	27.539194301064043	32.8189964294434	21.2007160186768	[]	24.987845420837424	26.798165321350098	28.32533979415895
66	26.624173316955556	3.622780323028575	25.54989471127391	27.158637622100084	33.4914779663086	21.2249126434326	[]	24.7599611282349	26.354266166686998	28.382741451263474
67	26.723568878173833	3.6529359817504776	26.115469597622663	27.73760352249454	33.209545135498	21.4394283294678	[33.9379921]	24.501028060913125	26.9265365600586	28.153964042663603
68	26.933301010131835	3.297785282135049	26.124364610084655	27.588789229026645	33.3924522399902	21.9174308776855	[]	25.18499279022215	26.85657691955565	28.4827780723572
69	26.299284133911137	3.255247116088828	25.670098639233096	27.115633630054	30.5976390838623	21.4917526245117	[33.55973816 33.70118332]	24.438017845153823	26.392866134643548	27.69326496124265
70	26.650519409179694	3.4215602874755717	26.060520962024754	27.57990948841465	32.2055816650391	21.0934104919434	[]	24.705247879028327	26.8202152252197	28.1268081665039
71	26.28765884399413	3.801963806152326	25.251800964173125	26.940112640563175	30.3871021270752	18.7349052429199	[34.065979   34.21313477]	24.250469207763675	26.09595680236815	28.052433013916
72	26.114169998168947	3.8001146316527965	25.343698470062385	27.031188996368314	30.4049377441406	19.0525341033936	[34.7603569  34.33528137]	24.250808715820327	26.18744373321535	28.050923347473123
73	26.644395408630366	4.153072357177727	25.861437255724308	27.705663269178093	33.877025604248	20.6312370300293	[]	24.309565544128425	26.7835502624512	28.462637901306152
74	26.876927757263182	3.81698274612425	25.959987434644454	27.65496846745514	33.208122253418	22.2227954864502	[]	24.647650718688976	26.807477951049798	28.464633464813225
75	26.02546237945556	3.5140590667724787	25.293531938731114	26.853995755970985	31.3480758666992	19.2144718170166	[33.35068512 33.51763153]	24.086098670959473	26.07376384735105	27.60015773773195
76	26.227013282775875	3.958551883697499	25.678930370209137	27.436777027251864	33.5770606994629	19.4937629699707	[]	24.17566871643065	26.5578536987305	28.13422060012815
77	26.985382804870607	3.8090815544128773	26.115575137605617	27.80704754305848	33.060489654541	21.3041648864746	[]	24.988974571228	26.96131134033205	28.798056125640876
78	26.7163102722168	3.783455371856647	25.903806233132908	27.583898997579997	33.0486907958984	21.8701553344727	[]	24.506029129028327	26.743852615356452	28.289484500884974
79	26.86456256866455	4.197397232055646	25.81876168292986	27.68267073589334	33.2820472717285	21.316162109375	[]	24.612957477569577	26.7507162094116	28.810354709625223
80	26.764425926208492	3.5217800140381	25.98520753758029	27.549099942278108	32.9548149108887	21.1133480072021	[33.61591721]	24.66285467147825	26.7671537399292	28.18463468551635
81	26.711618843078615	3.340426445007374	25.934283409720102	27.4176433938688	33.1752700805664	21.6674518585205	[33.88254929]	24.8353199958801	26.67596340179445	28.175746440887472
82	26.737088775634774	3.2431001663208505	25.961531034775824	27.401672013930273	31.3870315551758	21.879243850708	[33.47900009 33.68743896]	24.839326381683325	26.68160152435305	28.082426548004175
83	26.433461265563956	4.012964725494399	25.627124653756216	27.409134043753586	33.3343734741211	20.2844753265381	[]	24.195166587829576	26.5181293487549	28.208131313323975
84	25.85378658294677	3.755364418029803	25.310560774254466	26.97817938382663	32.7649002075195	18.7937335968018	[]	24.03089904785155	26.14437007904055	27.78626346588135
85	26.8253768157959	3.566784381866423	26.112831306498276	27.696708488423628	33.0477561950684	21.9375076293945	[]	24.87091588974	26.90476989746095	28.437700271606424
86	26.423769187927242	3.994004249572697	25.941346340929726	27.714936083997074	34.3571662902832	19.784460067749	[]	24.39573001861575	26.8281412124634	28.389734268188448
87	26.55784004211426	3.620234012603774	25.502693386985737	27.110305575416564	33.5005340576172	20.8161602020264	[]	24.5723910331726	26.30649948120115	28.192625045776374
88	26.205594749450682	3.5484104156494	25.62543198633366	27.20114996862234	33.2842903137207	19.5063209533691	[]	24.4155535697937	26.413290977478	27.9639639854431
89	26.52009910583495	3.732407093048149	25.77995245782236	27.437376567446236	33.1096000671387	20.5937728881836	[]	24.637459754943826	26.6086645126343	28.369866847991975
90	26.673697814941406	4.208428859710676	25.89980554649813	27.76861333777927	32.7325859069824	20.9192237854004	[]	24.266287803649924	26.8342094421387	28.4747166633606
91	26.808122711181646	2.8383283615112482	26.190530868935415	27.45092764241708	30.9840641021729	22.2644443511963	[32.48952484 33.38591003]	25.2776155471802	26.820729255676248	28.11594390869145
92	26.663973503112803	4.163482666015625	25.70064042633497	27.54948927337213	33.652530670166	22.1577167510986	[]	24.171912193298326	26.62506484985355	28.33539485931395
93	26.688075485229493	3.2854385375976527	26.02195670755208	27.48089859335122	32.6259880065918	21.2123565673828	[]	24.87001037597655	26.75142765045165	28.1554489135742
94	26.184243049621582	3.6290783882141504	25.455171680974324	27.066711329889976	31.7387752532959	19.8563461303711	[18.20834351 34.41755295 34.06052017]	24.340695381164522	26.26094150543215	27.969773769378673
95	26.679239044189455	3.4210114479064515	26.02822933904762	27.54737414605978	32.5067558288574	22.0499362945557	[]	24.85501098632815	26.7878017425537	28.2760224342346
96	26.18168399810791	3.6135296821594487	25.379965880015273	26.984600922963228	33.187557220459	19.4931507110596	[]	24.3153443336487	26.18228340148925	27.928874015808148
97	26.843667030334462	2.812754154205347	26.14733715527544	27.39637736803996	31.9147663116455	22.2605228424072	[32.70162582]	25.296967506408702	26.7718572616577	28.10972166061405
98	26.712771492004403	3.939199447631772	25.98871103923855	27.73796399433085	34.017520904541	21.8132038116455	[]	24.4096751213074	26.8633375167847	28.348874568939173
