	mean	iqr	cilo	cihi	whishi	whislo	fliers	q1	med	q3
0	24.69767570495605	0.14264011383059838	24.633850933940185	24.749495623677017	24.9037609100342	24.5555305480957	[]	24.62073135375975	24.6916732788086	24.76337146759035
1	22.85877151489256	0.6522045135498011	22.668790425029364	23.197561656269436	23.6089000701904	22.0717735290527	[21.39085197]	22.60700607299805	22.9331760406494	23.25921058654785
2	25.084995905558273	0.25976848602295277	25.081312052782987	25.291917927685812	25.4173545837402	24.8059387207031	[24.40829277]	24.9714412689209	25.1866149902344	25.23120975494385
3	24.32970822652182	0.8397846221924041	23.993616207848394	24.674466983069603	25.2405986785889	23.6520500183105	[]	23.91672801971435	24.334041595459	24.756512641906752
4	24.31821161905926	0.6008520126342489	24.00878874648392	24.49592621933648	25.3425445556641	23.7114448547363	[]	23.9969644546509	24.2523574829102	24.59781646728515
5	24.326000722249354	0.2660512924194478	24.153388285284457	24.36908791100454	24.8369312286377	23.8523025512695	[23.70009613 24.98461914]	24.1934623718262	24.2612380981445	24.459513664245648
6	28.99923718770345	0.1700191497802983	29.002778095992923	29.14062018891928	29.2963161468506	29.0058498382568	[27.77362061 28.46631241]	29.0243377685547	29.0716991424561	29.194356918335
7	28.1533442179362	0.05404758453369851	28.141445482334618	28.185264264979786	28.2095947265625	28.1221504211426	[27.98845291]	28.13242053985595	28.1633548736572	28.18646812438965
8	26.337159729003915	0.1376161575316992	26.30829465671215	26.419866201442048	26.5648059844971	26.2493572235107	[25.97680092 25.540905   26.960495  ]	26.2898273468018	26.3640804290771	26.4274435043335
9	25.85629959106444	0.5580711364746023	25.555526983933945	26.00798009614426	26.6241970062256	25.1570644378662	[]	25.6387424468994	25.7817535400391	26.196813583374002
10	30.746922683715827	0.06632995605470171	30.775394009387824	30.829170657360173	30.8638343811035	30.7582035064697	[30.44769287 30.49125671 30.54229355]	30.7623481750488	30.802282333374	30.8286781311035
11	28.848408635457353	0.5382575988769993	28.603933598246417	29.04032299355038	29.7682189941406	28.2970314025879	[27.70284653]	28.60437488555905	28.8221282958984	29.14263248443605
12	30.029656219482415	0.686090469360348	29.904182340319927	30.460426424328475	30.5328121185303	29.3340644836426	[]	29.68926525115965	30.1823043823242	30.375355720519998
13	30.73405418395997	0.5226774215698491	30.476544230724265	30.900302082752333	31.4433860778809	30.2268009185791	[]	30.45370388031005	30.6884231567383	30.9763813018799
14	28.444852320353203	0.9035215377807972	28.31201540442969	29.044540534291112	29.174503326416	26.9416770935059	[]	28.03116703033445	28.6782779693604	28.93468856811525
15	29.86509615580241	0.4283533096312979	29.632551757542775	29.979836853297027	30.3679428100586	29.1095809936523	[30.96781921]	29.662595748901403	29.8061943054199	30.0909490585327
16	27.683537801106755	0.6209430694580504	27.431106272980585	27.934532459929613	28.4338226318359	26.7810955047607	[]	27.372705459594698	27.6828193664551	27.99364852905275
17	28.133479690551756	0.7539787292480469	27.84463603229853	28.455920150562868	28.867000579834	27.2379932403564	[]	27.8110065460205	28.1502780914307	28.564985275268548
18	33.17039311726889	0.14927101135251064	33.04461128578663	33.16563193931097	33.3356895446777	32.9281463623047	[33.75955582]	33.073911666870146	33.1051216125488	33.223182678222656
19	33.69706370035808	0.052055358886697434	33.6754237754147	33.717627372046294	33.7327766418457	33.619213104248	[33.8163681]	33.666223526001	33.6965255737305	33.718278884887695
20	27.437917455037436	0.35742759704595173	27.38821080382855	27.67799326721645	27.7054233551025	27.0273590087891	[26.69625282]	27.2901563644409	27.5331020355225	27.647583961486852
21	24.232887140909828	0.6881446838378515	24.01402543052862	24.57193495765498	25.1686973571777	23.6957740783691	[22.69633293]	23.9017391204834	24.2929801940918	24.58988380432125
22	25.072142283121728	0.6709976196289524	24.893363307019243	25.43737094591036	25.9162273406982	24.2354431152344	[]	24.702844619750948	25.1653671264648	25.3738422393799
23	25.688571929931648	0.46972179412840376	25.464044908482823	25.844869276087575	26.4817810058594	24.9601898193359	[]	25.440486907959	25.6544570922852	25.910208702087402
24	23.067539596557626	0.34130859375	22.846841939660557	23.123556009558243	23.4251041412354	22.4013061523438	[24.16860199]	22.88738441467285	22.9851989746094	23.22869300842285
25	24.000066757202163	0.13051414489750002	23.95189779773123	24.05771142468097	24.1883296966553	23.7709693908691	[]	23.92701148986815	24.0048046112061	24.05752563476565
26	24.469136174519857	0.22626304626464844	24.34339886718824	24.526840390624358	24.7729816436768	24.1849460601807	[]	24.37678813934325	24.4351196289063	24.6030511856079
27	26.347648239135754	0.4231100082396999	26.079840973268208	26.422875091184995	26.8905048370361	25.6101703643799	[27.47585106]	26.16697597503665	26.2513580322266	26.59008598327635
28	24.868692525227853	0.6769056320190465	24.63693622769316	25.18573375521704	25.6237411499023	23.8440341949463	[]	24.557582855224602	24.9113349914551	25.23448848724365
29	27.557358678181956	0.619647979736353	27.252447306462965	27.754823506525238	28.4743385314941	26.9177169799805	[]	27.2686309814453	27.5036354064941	27.88827896118165
30	27.613094456990552	0.5755567550659002	27.272104036688944	27.738733518242654	28.4743385314941	27.1049613952637	[]	27.31272220611575	27.5054187774658	27.88827896118165
31	29.08049189249674	0.5011463165283025	28.834517414779675	29.240819041519124	29.616828918457	28.4440307617188	[]	28.856900215148947	29.0376682281494	29.35804653167725
32	26.183162943522138	0.7787494659424006	25.89246362037909	26.523830477521308	27.0379428863525	25.093412399292	[]	25.7884168624878	26.2081470489502	26.5671663284302
33	25.274596023559575	0.8465032577514009	24.879392873011536	25.565690745152462	25.9435901641846	24.3296184539795	[]	24.9616565704346	25.222541809082	25.808159828186
34	26.99887669881185	0.11465358734130149	26.929219180258126	27.022173947183273	27.080379486084	26.8932266235352	[27.30202293]	26.92612838745115	26.9756965637207	27.040781974792452
35	23.05515518188476	0.6239633560180486	22.961326482161766	23.467201349869434	23.684871673584	22.3473320007324	[]	22.7204236984253	23.2142639160156	23.34438705444335
36	27.69176712036132	0.5449638366699006	27.720908831600582	28.162735272403417	28.3894348144531	26.6901760101318	[26.45444298]	27.4970703125	27.941822052002	28.0420341491699
37	23.38612263997396	0.16097736358640446	23.24389112391618	23.374402638290825	23.6301651000977	23.0647239685059	[23.9243145  23.89089012]	23.2432403564453	23.3091468811035	23.404217720031703
38	21.773529815673836	0.5919332504271999	21.334694585780774	21.814601221104027	22.6498565673828	21.2566795349121	[]	21.46579742431645	21.5746479034424	22.05773067474365
39	29.89034983317057	0.03910541534424539	29.878738127332372	29.910442628282826	29.9568004608154	29.8335628509521	[]	29.872530937194803	29.8945903778076	29.91163635253905
40	30.263027191162102	0.029957771301297953	30.257789651197307	30.28207774992569	30.3116588592529	30.2356433868408	[30.13274384]	30.2554769515991	30.2699337005615	30.285434722900398
41	26.83875872294109	0.6138372421265004	26.61208354948334	27.109748725907256	27.609188079834	25.6930541992188	[]	26.50446128845215	26.8609161376953	27.11829853057865
42	26.76220397949219	0.5969839096068981	26.48188196039875	26.96588338994305	27.3625049591064	26.0810604095459	[]	26.443078994751	26.7238826751709	27.0400629043579
43	27.64323081970214	0.9412040710449503	27.173780813911677	27.936856850883323	28.4620399475098	26.5447788238525	[]	27.253489494323702	27.5553188323975	28.194693565368652
44	26.779692459106453	0.5637941360473988	26.511418937484564	26.968511940201033	27.3234195709229	25.8957252502441	[27.94057846]	26.477040290832498	26.7399654388428	27.040834426879897
45	28.436610794067374	0.34220600128170275	28.156542471339968	28.43398410947063	28.9829978942871	27.8945903778076	[29.2849884]	28.23041343688965	28.2952632904053	28.57261943817135
46	25.911813863118503	0.7730789184571023	25.698023106233784	26.32479259811202	26.8176002502441	24.7598476409912	[]	25.5302057266235	26.0114078521729	26.303284645080602
47	28.54000625610352	0.23333072662354937	28.511222454800386	28.700394061312817	28.8751163482666	28.4043674468994	[27.49923706]	28.45029163360595	28.6058082580566	28.6836223602295
48	27.014969635009756	0.46147632598879795	26.814591600885798	27.188731000432604	27.8617191314697	26.2596054077148	[]	26.7227916717529	27.0016613006592	27.1842679977417
49	28.000988642374658	0.5481462478637518	27.729598018439336	28.174004581658263	28.8275508880615	27.6752433776855	[26.36429787]	27.780943870544448	27.9518013000488	28.3290901184082
