	PC1	PC2	PC3	Labels
0	0.08920766798606983	-0.06633545925292289	-0.1802525264223134	EXT
1	0.08906251409765799	-0.06846251128605929	-0.17940851737650731	EXT
2	0.09006533334190621	-0.06595115655042894	-0.17241769051031097	EXT
3	0.08925700853932293	-0.06687034432816609	-0.1784968704834342	EXT
4	0.08880497137912724	-0.07692805122611941	-0.17778713148400427	EXT
5	0.08927213468089812	-0.06599664550455825	-0.17133781248373617	EXT
6	0.08721701305115195	-0.05652925855861823	-0.14851671522991358	EXT
7	0.08982311356026978	-0.06782345531221916	-0.1781097182052354	EXT
8	0.0929016188933631	0.024598241475348562	0.13142495973058524	QC
9	0.09267150673551063	0.02422335419631346	0.13082883043353039	QC
10	0.09230510410361763	0.027343363619771105	0.13130252396646422	QC
11	0.093085254089577	0.024937355495668088	0.1277909135433829	QC
12	0.09088353683838953	0.024705431011855735	0.13421575667791097	QC
13	0.09237112748095046	0.022232967140073317	0.13443003016962923	QC
14	0.09279669039653772	0.02428689889160972	0.1286827978083957	QC
15	0.09255963946465587	0.02299764526223448	0.13497588380353293	QC
16	0.08630082912612089	0.055513978801116554	0.16180430544844443	QC
17	0.09276137610867027	0.022689111197638084	0.13081615693167667	QC
18	0.09280971502778429	0.025446529511452338	0.12828449222943078	QC
19	0.08671462797530109	0.04898988522007007	0.161707450037804	QC
20	0.09299710951037583	0.024306500580331954	0.12633221434076167	QC
21	0.09272328799505161	0.024158175719997132	0.13061686678096293	QC
22	0.09246260594231513	0.023826275567577628	0.13452345125556037	QC
23	0.0926415538238283	0.023921889311093417	0.12762832713369568	QC
24	0.08551854829288555	-0.17607357620601	0.0658043932238403	control
25	0.08659063736692912	-0.1699456461553853	0.06949732517795855	control
26	0.08645083320177702	-0.17451838944760556	0.06409622143134922	control
27	0.087209071761306	-0.17060892366128436	0.03904076411004721	control
28	0.08676337409567607	-0.1576632473248699	0.07299126641245714	control
29	0.08516953349423603	-0.16149637847525738	0.08161021006348634	control
30	0.08377906748453191	-0.19000032712291448	0.04294638734563522	control
31	0.08550218203277848	-0.17859299797217473	0.06855551766157493	control
32	0.08631914371135142	-0.1668525124490298	0.059512475437394796	control
33	0.08681552913737302	-0.1536947612996138	0.08131317834285526	control
34	0.07795717638412572	-0.17809924108058614	0.09979847694568962	control
35	0.08488606630930008	-0.1586904234839049	0.07084893419191161	control
36	0.08723298990857838	-0.16205501249937856	0.08072784567457533	control
37	0.0849307185632402	-0.17105243930348368	0.0869832242397922	control
38	0.08224750053314771	-0.1557318380221635	0.08394627686156844	control
39	0.08603166505025309	-0.16889569136574803	0.08542508129101202	control
40	0.08420807960025224	-0.17383350099494188	0.07185512117583122	control
41	0.08609593909852234	-0.16404480726704518	0.042873254055652114	control
42	0.08766654014004849	-0.16466666860664161	0.05970881332546304	control
43	0.08671581133354614	-0.16546700131725425	0.05466698152717119	control
44	0.08646178139291319	-0.16803104487079673	0.09299498495392741	control
45	0.0850200588672879	-0.1699209024362258	0.05090894406148098	control
46	0.09373520957746638	0.039326207016700164	-0.020323388731480155	local
47	0.09182398751518575	0.028862872209053547	-0.02411835399085321	local
48	0.09332197980112404	0.021700908248548735	-0.04966925793995153	local
49	0.09262147683966152	0.038145245463755334	-0.03403444103780281	local
50	0.09255626070766652	0.06466562026591682	-0.03720877892196603	local
51	0.09002822912375973	0.09632191319079635	0.0035397566312592612	local
52	0.0944227672456575	0.04213710868405845	-0.039053183847886516	local
53	0.09149605978550485	0.04578137674467023	-0.04600664227859319	local
54	0.09292493631841905	0.0674266029675484	-0.03362422148131826	local
55	0.09411587109133154	0.02732689211740269	-0.03641700107344224	local
56	0.09050740664240584	-0.04058641188391528	-0.14887563139585921	local
57	0.09045531652410839	-0.03319074199162213	-0.158604992756364	local
58	0.08802074172300114	-0.062094317646635123	-0.1822080873076554	local
59	0.07716383457627222	0.0797121738795996	0.08654067349653143	local
60	0.09213509399014166	0.05319033123687564	-0.011886626659193267	local
61	0.0894667678608778	-0.03929054020437246	-0.1381285998653961	local
62	0.09385877970890592	0.041807195580779465	-0.016386026042789527	local
63	0.07923703142939095	0.134338295098442	0.06928841850432205	local
64	0.09447850856556375	0.04432304436733229	-0.0335390858479916	local
65	0.08830359888960505	0.098186733698053	0.0019070175101026734	local
66	0.09147213912698136	0.08931139085577822	0.0029757835183619485	local
67	0.08964523820273232	0.09203825159875323	0.047468215492331774	local
68	0.09447908232884317	0.04239060325048453	-0.04202859213106324	local
69	0.09168609906802407	0.061042291231144144	-0.024087764208753276	onset
70	0.09013190323079319	0.08914940010073981	0.04291927210205057	onset
71	0.09330287508699113	0.06878400360783102	-0.008328484518286498	onset
72	0.09343401397411323	0.06282904994810969	-0.016518818789758763	onset
73	0.09250483684081187	0.07935359017141544	-0.0019451684745533295	onset
74	0.09055251147315142	-0.05258263297865177	-0.1410063484273714	onset
75	0.09039454964595005	0.09528680416409445	0.0212766812516258	onset
76	0.09276225481250351	0.06593494644681439	-0.007697840654757368	onset
77	0.08816421880038695	0.08334591957646657	0.050354496649016624	onset
78	0.08053784007704025	0.10753465379073689	0.06178684849281966	onset
79	0.09214120502419894	0.04598602579074213	-0.018040421191155502	onset
80	0.09267395220516485	0.05861722773287088	-0.02983280177562898	onset
81	0.0934857295885937	0.07139504676187824	0.0045079455471522065	onset
82	0.09268471138602481	0.06368632375734895	0.005605552382479706	onset
83	0.09112445782131422	-0.042462146469838515	-0.12475595587863374	onset
84	0.09122940854726723	0.04909867167835941	-0.010081986362088234	onset
85	0.09287723697242643	0.05656666716561737	-0.038277980659132904	onset
86	0.0890293889656218	0.09627954258590277	0.026274185042384924	onset
87	0.0860022202961514	0.09965955985007097	0.05417967608857009	onset
88	0.09067612212965138	0.09030396281208757	-0.011178841975325746	onset
89	0.09040388916597615	0.08143070230807556	0.03197834154638595	onset
90	0.09331823659007257	0.050856002794130564	0.0010849314997717818	onset
91	0.08635948647304875	-0.04900694000859525	-0.15657504536510036	onset
92	0.09108357760164218	0.036592004260822944	0.015837675612105036	onset
93	0.09088839175834657	0.06645502112969179	0.01054399450652808	onset
94	0.09296065004964944	0.07976628606050076	-0.018540194666850734	onset
95	0.0931180482914175	0.0735794917242472	0.007970432936630564	onset
96	0.08645727215542853	-0.05932970692139734	-0.19229941791044033	post
97	0.09091036526408418	0.06521368861914316	0.02918537834670465	post
98	0.09270323678670857	0.03719386337668433	-0.04232221402481414	post
99	0.08655380497083208	0.08976674858408636	0.04904208777872405	post
100	0.09213652849680891	0.05742565095891032	-0.041452807897426544	post
101	0.09135528206401317	0.08153117889768421	0.012288458495079006	post
102	0.0898966731337086	-0.07172364834654302	-0.16120286803624806	post
103	0.09218075076930572	0.0779422844543736	0.0013826271753449575	post
104	0.0927619229113067	0.055773799805817426	-0.02352975114800488	post
105	0.09392574939954555	0.037283678504245514	-0.04025713508806281	post
106	0.09269134326240962	0.05071982420780439	-0.022590769246623628	post
107	0.09156371503217006	0.05614540308342824	0.014836385845161221	post
108	0.0938556116056573	0.029746491730555366	-0.04902413799822425	post
109	0.09281194440028226	0.06664782155679709	-0.03394172763195589	post
110	0.09376945292147329	0.054182625216722013	-0.011558712283800916	post
111	0.08795534164036896	0.09169320442644141	0.0026850950662076914	post
112	0.09183143787763333	0.07000695701375866	-0.027753489649344036	post
113	0.09328319990546109	0.058730426452689756	-0.01892495944439783	post
114	0.09337371754028666	0.02500411524474702	-0.04428426264978402	post
115	0.09503337480432535	0.03407719841273559	-0.03659078657852967	post
116	0.08948612944027393	-0.06080199650473951	-0.16900863695332902	post
117	0.09315126212679356	0.028663199760022125	-0.029273575326829556	post
118	0.09500002566088186	0.034405116746721844	-0.03245567150685034	post
119	0.09095743915892643	0.08638063486365279	0.014802364292571726	post
120	0.08916562141519745	-0.05208115258061179	-0.18392880366328687	post
121	0.09413758077837059	0.025747916097881123	-0.03875659652756416	post
122	0.09367538599812673	0.025907240452271194	-0.02635181351671651	post
