	mean	iqr	cilo	cihi	whishi	whislo	fliers	q1	med	q3
0	25.126709861755366	4.460933208465551	23.860536778177256	25.841472422872542	30.2695045471191	20.2010650634766	[]	23.032230854034424	24.8510046005249	27.493164062499975
1	24.916161460876467	4.780306816101078	23.391859654377004	25.5146173201103	29.6006660461426	20.1537418365479	[]	22.845013141632073	24.453238487243652	27.62531995773315
2	25.07070281982422	2.747035503387476	24.52123796429173	25.741094951967973	28.4754905700684	20.6694965362549	"[16.82156181 19.56041718 18.33343506 19.77558708 30.86330986 30.98128891
 33.37413406]"	23.904323577880874	25.13116645812985	26.65135908126835
3	24.99588970184326	3.216832637786851	24.843557254551115	26.272033794643285	31.2092151641846	18.7527503967285	[17.04049301 17.03691483 32.37804031]	23.451641082763672	25.5577955245972	26.668473720550523
4	24.32812225341797	3.6430978775024734	23.53882324796004	25.15658843416886	30.9636039733887	17.5541610717773	[16.07746315 33.51531219]	22.593665122985826	24.34770584106445	26.2367630004883
5	24.476371421813965	3.643545150756797	23.35216807676862	24.970131880506784	31.3051490783691	17.3153095245361	[16.8073101  16.51175308 31.84313393]	22.71056079864505	24.161149978637702	26.35410594940185
6	25.5251700592041	4.859931468963573	24.0382448782812	26.196360910903397	31.5452461242676	19.7099361419678	[]	23.464690685272252	25.1173028945923	28.324622154235826
7	25.04626480102539	4.070651531219447	23.917949100267133	25.72557506965477	30.364221572876	19.8127574920654	[]	23.0195350646973	24.82176208496095	27.090186595916748
8	25.054398193359376	5.000415802001925	23.25966980929925	25.48016974453375	31.2526817321777	20.3948040008545	[]	22.60306930541995	24.3699197769165	27.603485107421875
9	25.3921280670166	3.136040210723877	24.463366257491316	25.855965865311383	30.7786865234375	19.7319087982178	[]	23.699188232421875	25.15966606140135	26.835228443145752
10	24.97464630126953	4.226230621337823	23.36970324438405	25.246416140381548	31.4841289520264	19.5051021575928	[]	23.0374794006348	24.3080596923828	27.263710021972624
11	25.106660423278807	5.230963230133124	23.82709902273141	26.149976554050788	30.7740650177002	19.4242115020752	[]	22.780893325805625	24.9885377883911	28.01185655593875
12	24.268501987457274	2.818197727203348	23.822226380310926	25.07368388275057	29.3649311065674	19.0963935852051	[18.58509445 15.77161884 18.66343689 30.60445976]	22.99457025527955	24.447955131530748	25.8127679824829
13	24.73970405578614	3.5938034057616477	23.479976381083073	25.075851713399327	31.5626487731934	20.1472625732422	[]	22.687807559967077	24.2779140472412	26.281610965728724
14	25.678725357055665	3.2769837379455247	24.959470460034453	26.414657881640345	31.1111526489258	19.9559993743896	[32.87989807]	23.83253192901615	25.6870641708374	27.109515666961673
15	25.551989936828623	3.589612007141149	24.580993215886906	26.175007302911993	32.6444625854492	19.5156116485596	[]	24.054932117462126	25.37800025939945	27.644544124603275
16	25.143427047729492	4.948816299438448	23.560484664802257	25.758071167106944	30.7791805267334	19.4918899536133	[]	22.916341304779074	24.6592779159546	27.865157604217522
17	24.34088752746582	3.73562765121455	23.39729655069265	25.05615079122625	31.0059986114502	19.4654216766357	[14.58488083 15.91531944 16.86164474]	22.607593059539823	24.22672367095945	26.343220710754373
18	25.150702476501465	3.947707653045679	23.919586956397964	25.672618091209436	31.7584247589111	19.8782558441162	[]	23.385156631469723	24.7961025238037	27.332864284515402
19	24.1655330657959	3.1519055366516007	23.611808796209257	25.011453609186244	29.6179542541504	18.2076015472412	[15.5496273  15.41381073 17.91875267 32.49233627 32.72726059 30.90958405]	22.6804537773132	24.31163120269775	25.8323593139648
20	25.893483963012695	4.1795582771300985	25.05783659096816	26.91382402304544	32.9513473510742	20.58837890625	[]	23.661011219024676	25.9858303070068	27.840569496154774
21	25.146944007873543	3.737583637237602	23.954761735222377	25.614484556891924	31.6010513305664	19.036340713501	[]	23.6052584648132	24.78462314605715	27.342842102050803
22	25.42468505859375	3.4145545959472265	24.618296501055042	26.134574058637355	31.5566425323486	19.7515277862549	[]	23.625634193420424	25.3764352798462	27.04018878936765
23	24.168142127990723	3.555947303771948	23.582560782743304	25.161625618623898	30.9769115447998	18.4313831329346	[13.27347565 31.71908379]	22.5541300773621	24.3720932006836	26.110077381134047
24	24.724609565734863	1.9647722244262233	24.569135434094967	25.44161819749683	28.6859703063965	21.5781135559082	"[19.0292244  19.88472557 16.62199402 20.30992889 16.84712982 18.8255806
 31.02352715 29.1054821  31.73532867]"	24.071530342102076	25.0053768157959	26.0363025665283
25	25.35882671356201	4.3764133453369	24.372422092450464	26.31582558821364	31.0823955535889	19.6744174957275	[]	23.088802814483625	25.344123840332053	27.465216159820525
26	23.86075508117676	5.022456169128425	22.052701148302383	24.282988396375416	32.8086280822754	15.1270313262939	[]	21.584981918334975	23.1678447723389	26.6074380874634
27	25.83604454040527	4.217787265777602	25.208272652938696	27.081236166641403	34.0323448181152	19.582706451416	[]	23.853067874908447	26.14475440979005	28.07085514068605
28	25.58022899627685	4.404922485351573	23.907666642643587	25.863729994319318	31.2419376373291	20.7960777282715	[]	23.5095796585083	24.885698318481452	27.914502143859874
29	23.737978706359865	3.227338790893576	23.366371041684847	24.799512976259553	30.213171005249	17.9092483520508	[16.32973289 17.13843155 15.9773922  31.99864578]	22.163429737091075	24.0829420089722	25.39076852798465
30	24.75974014282226	5.398197174072248	22.618016520463676	25.015156468427925	30.8154392242432	19.2394275665283	[]	22.6957726478577	23.8165864944458	28.09396982192995
31	24.602205085754395	2.689332485198971	23.95872484145792	25.152958050387785	29.5657615661621	19.8290519714355	[17.11579514 16.72834587 16.75866508 32.22812271 30.61158562]	23.390285491943352	24.55584144592285	26.079617977142323
32	25.32606777191162	4.655764102935798	24.181923180997035	26.249376028597663	30.6455936431885	20.2054061889648	[]	23.036228656768827	25.21564960479735	27.691992759704625
33	25.138632125854492	3.4901871681213485	24.112658813869896	25.66252200278051	31.2544708251953	19.3816947937012	[17.70118523]	23.497375965118376	24.887590408325202	26.987563133239725
34	25.074299201965335	4.841945648193374	23.604967179408295	25.755096373448108	30.8360900878906	19.12158203125	[]	22.9272618293762	24.6800317764282	27.769207477569573
35	24.99103866577148	4.7033815383911275	23.90035642258055	25.98895441421145	31.1431446075439	18.8582229614258	[]	22.734558582305873	24.944655418396	27.437940120697
36	24.471091957092284	2.568336486816399	24.093929077709483	25.234432433521015	29.2244815826416	19.6286163330078	[16.23917007 17.85373688 17.70701599 30.92391968 31.38765335 29.60091972]	22.97647333145145	24.66418075561525	25.54480981826785
37	25.161676788330087	2.669862747192326	24.33588861851011	25.52147603603089	29.066125869751	20.1280174255371	[19.49133682 30.45895958 32.18840408 32.53449631]	23.731607913970976	24.9286823272705	26.4014706611633
38	23.498206863403322	3.3552284240722727	23.317927369370015	24.807860365615387	29.2776718139648	17.5358448028564	[12.68231201 16.08747864 31.13707542]	22.05706644058225	24.0628938674927	25.412294864654523
39	25.76709125518799	3.0159611701965012	25.057048006755394	26.396324948566907	30.4333534240723	20.4245052337646	[32.12179184 32.82342911]	24.3473014831543	25.72668647766115	27.3632626533508
40	24.794835605621337	3.874083518981898	24.297977216214285	26.018314592867718	32.459888458252	17.370662689209	[12.60113811 32.49939728 32.96452332]	22.796818256378202	25.158145904541	26.6709017753601
41	24.156596775054933	3.1694097518920756	23.749863379087	25.157281167421804	30.4642467498779	18.0957069396973	[16.20074463 15.81034565 30.78175354]	22.700516700744625	24.4535722732544	25.8699264526367
42	24.316541061401367	3.615391254424999	23.676528641755812	25.28199034017779	30.5592479705811	18.9295101165771	[16.15373039 16.90269279]	22.4391579627991	24.4792594909668	26.0545492172241
43	25.62455821990967	2.3885827064514267	25.251086712267693	26.31176805457811	30.0262718200684	21.2765827178955	[19.99131393 19.82826424 20.4705143  32.90959549]	24.378335475921624	25.7814273834229	26.76691818237305
44	25.19745880126953	3.9392409324645747	23.83908749419118	25.588358871165223	32.388614654541	18.4778499603271	[33.66024399]	23.112901210784926	24.7137231826782	27.0521421432495
45	24.456887416839603	3.6464366912841975	23.88176802985086	25.50101585991964	31.2529106140137	17.9214458465576	[13.72054958]	22.8168454170227	24.69139194488525	26.4632821083069
46	25.05411819458007	3.9675006866454474	23.689154299752467	25.45097478960293	30.8703365325928	19.4023494720459	[]	23.188394069671652	24.5700645446777	27.1558947563171
47	25.301467552185056	4.079926013946551	24.19118513025213	26.002929554806364	30.7942428588867	19.5013103485107	[]	23.3239016532898	25.097057342529247	27.40382766723635
48	24.79451160430908	3.0773730278014995	23.720530939486206	25.08707861861919	30.3605117797852	18.9519882202148	[31.18974304 31.13664627]	22.914828777313225	24.4038047790527	25.992201805114725
49	24.940618896484384	4.226756572723396	23.447300432963225	25.324246884541672	31.7152557373047	17.846212387085	[]	23.178705692291253	24.38577365875245	27.40546226501465
50	25.119316062927247	3.784331798553449	23.664314725626156	25.344796678792846	31.4232959747314	19.9819946289063	[]	23.687376022338853	24.5045557022095	27.471707820892302
51	25.244255218505863	3.714701175689626	24.008110681330102	25.657672247136695	31.2706909179688	19.5064659118652	[]	23.47909498214725	24.8328914642334	27.193796157836875
52	24.95537715911865	4.035574913024952	23.687574221062516	25.479623960089885	31.7356853485107	19.8407726287842	[]	22.798348903656	24.5835990905762	26.83392381668095
53	24.905993041992183	4.454838275909378	23.15094968435069	25.12917879465321	31.3899612426758	19.1599140167236	[]	22.806618690490748	24.14006423950195	27.261456966400125
54	25.11573688507081	2.4220299720763734	24.825940523726878	25.901474561112025	29.2350902557373	20.3521118164063	"[19.11890602 19.23195267 16.85753059 18.97462463 31.50535393 31.32472801
 32.89268112]"	23.863084793090852	25.36370754241945	26.285114765167226
55	24.980136528015137	3.6066989898682245	24.30113067954202	25.90273246437888	30.4978523254395	18.0547733306885	[16.80394173 32.28474426 33.54281998]	23.039333343505824	25.10193157196045	26.64603233337405
56	25.086779327392577	4.6379942893982005	23.665149111673834	25.724711041524465	30.2362766265869	19.7226524353027	[]	22.883048534393325	24.69493007659915	27.521042823791525
57	24.620499076843263	3.431695938110348	23.79219730108524	25.316086695496764	30.1849498748779	18.0915946960449	[16.61060715 15.19086647 31.75830078]	22.999719619750977	24.554141998291	26.431415557861325
58	25.666625480651856	3.5387153625488743	25.20370401671274	26.77511678406846	29.8756427764893	20.3489665985107	[33.31106949]	23.6968636512756	25.9894104003906	27.235579013824474
59	25.43800708770752	3.266554355621352	24.588345369248813	26.038901487440683	31.8479328155518	19.5573101043701	[]	23.86861038208005	25.313623428344748	27.135164737701402
60	25.216255073547362	3.1765098571777237	24.14244910989184	25.553019792696066	30.0701332092285	19.1348781585693	[32.48373032 31.72356987 32.02047729]	23.576742649078376	24.847734451293952	26.7532525062561
61	24.60184997558594	2.1809954643249974	24.0616954092173	25.0301949258658	28.971607208252	21.5443725585938	"[19.11567879 17.94686127 20.15147972 18.67402267 18.63153267 29.885252
 31.31350517 31.21928024]"	23.637575626373277	24.54594516754155	25.818571090698274
62	25.5491410446167	4.539647579193126	24.51314752039836	26.52903730931354	32.2622413635254	19.3723297119141	[]	23.7016644477844	25.52109241485595	28.241312026977525
63	25.823340721130375	3.815204143524152	24.88374697978201	26.577938200882087	31.4127044677734	20.244478225708	[33.7274971]	24.007481098175074	25.73084259033205	27.822685241699226
64	25.2579035949707	3.2735109329223526	24.109820580401433	25.56346585758687	30.2977180480957	19.7438983917236	[32.33764267]	23.719620704650875	24.83664321899415	26.993131637573228
65	25.19223403930664	3.605012416839628	24.015303674880023	25.616156514939277	31.5688495635986	19.6518974304199	[]	23.433104991912824	24.81573009490965	27.038117408752452
66	24.85229305267334	4.2592916488647	23.760649473340322	25.652043550341375	29.9868602752686	19.8276596069336	[]	22.9311594963074	24.70634651184085	27.1904511451721
67	25.086886863708504	4.792744636535698	23.469131368391988	25.59741221070961	31.3833026885986	19.3919582366943	[]	23.183077335357652	24.5332717895508	27.97582197189335
68	25.814254989624022	3.5503816604614755	25.169984847384274	26.74657818667343	31.4588413238525	20.0242347717285	[32.83042526]	23.932367801666224	25.95828151702885	27.4827494621277
69	23.96016757965088	4.236953258514422	22.632907426532434	24.51438184959067	31.7025394439697	16.6593551635742	[]	22.127845287322977	23.573644638061552	26.3647985458374
70	24.975313339233388	4.408791065216047	23.641943728044588	25.599724973127316	30.675106048584	19.1133117675781	[]	23.134578704833977	24.62083435058595	27.543369770050024
71	24.39592716217041	3.4555153846740794	23.99453211468829	25.52899884539471	29.5821285247803	17.7699546813965	[15.87029266 31.40560532]	22.719094276428223	24.7617654800415	26.174609661102302
72	24.234308815002446	3.1976337432861257	23.862797469596988	25.28274848987571	29.6931209564209	19.229549407959	[16.23207474 16.67755508 17.73682404 32.02852631]	22.5745658874512	24.57277297973635	25.772199630737326
73	25.17358711242676	3.4099488258362243	24.168280766640663	25.682513071860342	30.7801914215088	19.9003639221191	[]	23.5493640899658	24.925396919250502	26.959312915802023
74	25.25173309326172	4.309017181396474	23.976771198452408	25.890246547519293	30.4089450836182	19.4596862792969	[]	23.044107437133775	24.93350887298585	27.35312461853025
75	24.154126510620117	3.597709655761747	23.283239624621004	24.880849578259898	30.7245063781738	17.9542980194092	[]	22.473730087280252	24.08204460144045	26.071439743042
76	24.361233673095708	2.8105511665344487	23.929946992647924	25.178008939969278	29.0828952789307	18.9823341369629	[16.66405869 17.48234367 18.50419044 30.29359436 31.58805084]	22.82351064682005	24.5539779663086	25.6340618133545
77	25.77796829223632	4.307666301727352	25.081535667276032	26.994411140585267	31.8708820343018	19.500524520874	[]	23.478359222412074	26.03797340393065	27.786025524139426
78	25.198046913146978	4.149117946624752	23.32498367843108	25.167453684239817	30.8892841339111	20.4047470092773	[]	23.516270160675024	24.24621868133545	27.665388107299776
79	25.52488422393799	4.147313594818101	24.565821809051496	26.407490568878206	31.2595119476318	19.7144546508789	[]	23.39338111877445	25.48665618896485	27.54069471359255
80	25.38407054901123	3.433854103088329	24.574404353935265	26.09925210968784	31.8487205505371	19.5900993347168	[]	23.807816982269323	25.336828231811552	27.241671085357652
81	25.001628684997566	4.311223983764727	24.009527259091936	25.923982567568164	30.3839797973633	19.8132572174072	[]	22.776608943939173	24.96675491333005	27.0878329277039
82	25.019399795532216	4.459149360656699	23.561578295411636	25.54172179919287	29.9291801452637	20.3892765045166	[]	22.969424247741724	24.551650047302253	27.428573608398423
83	24.656314430236815	3.4209814071655273	24.26951942578732	25.788650892816182	31.1732006072998	18.2083110809326	[]	23.147312164306648	25.02908515930175	26.568293571472175
84	23.967776641845695	2.7177295684813743	23.468190705799678	24.675034010386824	29.305757522583	18.9313888549805	[16.98929405 15.99684906 17.79878807 18.62561226 30.30057907]	22.819666862487825	24.07161235809325	25.5373964309692
85	25.202045249938966	3.7003059387207244	24.190688248353286	25.833857421202413	31.6291770935059	19.4046955108643	[]	23.567467689514174	25.01227283477785	27.2677736282349
86	24.038732261657714	3.323988437652549	23.665364462933816	25.141424935259487	30.422435760498	17.6903057098389	[17.11637497 16.96614456 16.32022667 32.19727325]	22.502390861511252	24.40339469909665	25.8263792991638
87	25.049057846069342	4.419011592864948	24.190684580496473	26.153004384347327	31.2662925720215	19.9064407348633	[]	23.007124423980752	25.1718444824219	27.4261360168457
88	24.370256118774414	2.8960494995117507	23.909626615633407	25.195655214200592	28.9060115814209	18.856237411499	[17.51293373 17.97159386 30.36874008]	22.919676780700673	24.552640914917	25.815726280212424
89	24.757834854125978	4.029589176177975	23.568499953573642	25.357891647988858	30.3908367156982	19.6330604553223	[]	22.991521358489976	24.46319580078125	27.02111053466795
90	25.754442367553697	4.605489730834975	24.807297712851607	26.852425569008695	31.3432750701904	19.8118133544922	[]	23.39331436157225	25.82986164093015	27.998804092407227
91	25.529175071716313	4.800660133361827	23.84711650090207	25.978912322950524	31.8672065734863	19.8452014923096	[]	23.52457761764525	24.913014411926298	28.325237751007077
92	24.71510166168213	4.1066627502441015	23.590163587760795	25.413780809211904	30.7524700164795	18.6850700378418	[]	22.611940860748298	24.50197219848635	26.7186036109924
93	25.024885063171386	3.334553241729722	24.229084531596936	25.709836443134467	30.991491317749	19.5224876403809	[]	23.4253063201904	24.9694604873657	26.759859561920123
94	24.158444061279294	3.2747631072998757	23.738036820904803	25.192238142474203	28.5963840484619	17.8222904205322	[16.54088402 31.84592819 31.19382095]	22.680306911468477	24.465137481689503	25.955070018768353
95	25.0484581756592	3.7996296882629217	24.09979903218916	25.78707421305014	30.5436401367188	20.2401847839355	[]	23.100954532623327	24.94343662261965	26.90058422088625
96	24.32235942840576	2.7784924507141717	23.912391576434608	25.146217432354497	29.1964435577393	19.0509223937988	[17.51213837 17.67661858 30.742239   30.29122543]	22.921727657318076	24.529304504394553	25.700220108032248
97	24.991350669860836	2.937307834625173	24.26510620029301	25.56945610134279	29.9558601379395	20.190092086792	[]	23.55524396896365	24.9172811508179	26.492551803588825
98	25.122468414306642	3.6849741935730016	24.04928360994906	25.68564452115444	31.3596820831299	19.46484375	[]	23.317194938659675	24.86746406555175	27.002169132232677
