	mean	iqr	cilo	cihi	whishi	whislo	fliers	q1	med	q3
0	22.32872130654075	2.0589790344238494	22.19894790476807	22.848724366960532	25.0655708312988	18.6812496185303	[18.43138313 18.05477333 17.11637497]	21.57355880737305	22.5238361358643	23.6325378417969
1	26.847338666819567	1.7791681289672496	26.365757305600578	26.92723051788582	29.3416957855225	23.654182434082	[22.77970123]	26.11216640472415	26.6464939117432	27.8913345336914
2	26.49063595858487	2.492084503173899	26.403469267748836	27.18992596540536	29.3416938781738	22.6054420471191	[]	25.2021799087524	26.7966976165771	27.694264411926298
3	26.546751253532644	2.2458848953247	26.539969769862136	27.248730333897665	28.9825134277344	22.5894584655762	[]	25.755625724792502	26.8943500518799	28.0015106201172
4	25.201569566823014	2.6732301712036026	24.957701293345817	25.80132428038458	28.056755065918	20.3048057556152	[19.76459122]	23.96202182769775	25.3795127868652	26.635251998901353
5	22.43357438752146	0.38334083557125	22.3769550699075	22.497930489174504	23.0373001098633	21.7617492675781	[21.57246971 23.23023605 23.44951439]	22.24980926513675	22.437442779541	22.633150100708
6	24.170062325217508	0.7446794509887482	24.050941918825245	24.285949255491154	25.3394470214844	22.9581279754639	[25.77653694]	23.79881191253665	24.1684455871582	24.543491363525398
7	23.687163189204053	6.993150711059549	24.585919120455895	26.792830726956307	27.5424823760986	16.8039417266846	[]	19.343664169311552	25.6893749237061	26.3368148803711
8	22.637998927723277	2.604840278625499	22.799003691716454	23.621044068293347	27.4640159606934	17.370662689209	[15.5496273  16.44745445 16.96614456]	21.12086963653565	23.2100238800049	23.72570991516115
9	19.46986167599457	4.016623497009299	19.518345249149775	20.785918819453826	22.8370761871338	12.6011381149292	[]	17.512536048889153	20.1521320343018	21.52915954589845
10	27.389501340461496	4.165254592895501	27.989746582651794	29.30422543272901	29.9405002593994	22.7576370239258	[]	25.15278720855715	28.6469860076904	29.31804180145265
11	25.971532359267727	1.0107336044311523	25.935121797039873	26.25409100203233	27.9341220855713	24.1217041015625	[23.84415436 23.72430992 23.61071205]	25.47258853912355	26.0946063995361	26.4833221435547
12	26.649344800698636	1.3095703125	26.62247849461798	27.035755147960224	28.7001476287842	24.1844711303711	[23.80735779 31.35968208]	25.9723768234253	26.8291168212891	27.2819471359253
13	25.55855899386936	1.2737331390380504	25.32896945743842	25.730936548420985	27.5866298675537	23.7364273071289	[22.87704468]	24.9232568740845	25.5299530029297	26.19699001312255
14	25.332236010618885	1.002290725708047	25.155760952585332	25.472065738088467	27.2636413574219	23.73020362854	[22.89640236 23.245121   23.16757011 27.87326241 28.44447327 27.40753174]	24.83723735809325	25.3139133453369	25.839528083801298
15	25.510541280110676	1.7785673141478995	25.069131603973084	25.630415209991718	28.1780128479004	23.1090755462646	[]	24.659988403320348	25.3497734069824	26.438555717468248
16	22.526356880110924	0.8032197952269975	22.46751464328534	22.720996251490057	23.5668888092041	20.98801612854	[]	22.129613876342802	22.5942554473877	22.9328336715698
17	30.673887695929018	1.108222961425799	30.56737145892958	30.917106537896622	32.8086280822754	28.4929904937744	[33.51531219 33.66024399]	30.10133934020995	30.7422389984131	31.20956230163575
18	28.425388817835337	0.7915334701538477	28.25448818658777	28.50428180242583	30.0302410125732	27.0788459777832	"[25.26708031 25.56032944 26.22267723 26.29163742 30.25788498 30.46858025
 30.07013321]"	28.07938575744625	28.3793849945068	28.870919227600098
19	29.06333726825136	0.8562774658203018	29.061078964059615	29.33130461137979	30.8154392242432	27.7413501739502	[27.19181252 26.86999893 27.2495079  26.51620674]	28.701826095581048	29.1961917877197	29.55810356140135
20	26.579277173437255	2.832003593444849	25.91624318068956	26.80997218185924	29.7424774169922	23.8096561431885	[]	25.27169132232665	26.3631076812744	28.1036949157715
21	23.333593618990196	1.2700538635254013	23.040647731054126	23.441453709375477	25.5296649932861	21.6896667480469	[]	22.67140579223635	23.2410507202148	23.94145965576175
22	27.08511105932371	2.0889444351196502	27.156959580572828	27.816192580071775	29.3289604187012	23.2257823944092	[]	26.0829334259033	27.4865760803223	28.17187786102295
23	26.42565698334665	2.3426837921142507	26.101754573351762	26.84106311463644	29.3290729522705	22.7874717712402	[21.62992668]	25.32308959960935	26.4714088439941	27.6657733917236
24	24.53275803845338	0.7623958587646484	24.45785826801069	24.698456581842912	25.8070106506348	23.2359523773193	[]	24.142935752868652	24.5781574249268	24.9053316116333
25	25.13784319945056	0.7858543395995987	25.139905786294246	25.387907171469354	26.2686634063721	23.8823356628418	[23.60214615 23.51004028]	24.783271789550803	25.2639064788818	25.5691261291504
26	22.907236677227598	0.7800045013427486	22.801837672592967	23.047992954848432	24.3667793273926	21.3978004455566	[21.28602791 25.09512329]	22.5021858215332	22.9249153137207	23.282190322875948
27	24.651636605310916	1.892479896545396	24.139446491725284	24.736678843968118	28.1983242034912	22.2948455810547	[28.34016228 29.02899742 29.83761787 28.4915905 ]	23.53379821777345	24.4380626678467	25.426278114318848
28	22.63350500241675	0.928188323974652	22.541343563084173	22.834262973781026	24.2472820281982	20.9633197784424	[20.65015793]	22.17463397979735	22.6878032684326	23.102822303772
29	25.344149194582545	1.1341199874878	25.001109392189452	25.359017103171947	27.4184284210205	23.0566368103027	[27.68839073 27.60037994]	24.68952178955075	25.1800632476807	25.82364177703855
30	24.583131404838177	0.6692333221435973	24.47324130276752	24.684439208707083	25.7211837768555	23.3744850158691	[]	24.268552780151353	24.5788402557373	24.93778610229495
31	20.083094953286523	0.819349288940451	20.045474926452727	20.30404671051007	21.7304763793945	18.8232612609863	[16.08747864]	19.70279693603515	20.1747608184814	20.5221462249756
32	23.02301930899573	1.0410346984863494	23.198691160213208	23.527222841251593	25.0465240478516	21.6210136413574	"[16.07746315 18.38716316 19.1264782  20.45978546 17.70118523 19.12840652
 20.04919434 19.12997437 19.81864166 20.22886658 18.40587234]"	22.9235324859619	23.3629570007324	23.96456718444825
33	19.432753649624914	1.8266277313232493	19.590030542848382	20.16648114538402	21.8173732757568	15.8702926635742	[15.77161884 15.81034565 15.19086647]	18.60318756103515	19.8782558441162	20.4298152923584
34	20.69029546024823	1.9127464294433985	19.722420720391455	20.32604882306555	21.818567276001	16.7586650848389	"[15.9773922  26.0689888  26.16598701 27.30455208 26.25839806 26.20994949
 25.98667908 26.02728844 26.55783463 26.61982346 26.36527061 26.90420723
 26.9199276  25.99946213 26.21070862 27.05883408 26.5712471  26.36909676]"	18.8813619613647	20.0242347717285	20.7941083908081
35	21.134510194412385	0.9444379806518484	20.94689299414552	21.244940501948278	22.8766174316406	19.3919582366943	[18.20760155 23.06573677 23.01938057 24.811409   23.16613197 24.66805267]	20.5898027420044	21.0959167480469	21.53424072265625
36	23.25928260340835	2.9742765426636026	22.546833730974193	23.48546149607661	28.3401184082031	17.9092483520508	[]	21.84904384613035	23.0161476135254	24.823320388793952
37	28.627568871083884	0.7602672576905007	28.41150415478597	28.651430720702233	30.098970413208	27.3111763000488	[30.65910149]	28.247011184692347	28.5314674377441	29.007278442382848
38	28.933829452052265	0.8849678039550497	28.86244864775581	29.141728445749994	30.5139751434326	27.8122806549072	[22.38454437]	28.51738929748535	29.0020885467529	29.4023571014404
39	28.300829492434097	1.1639566421508505	28.088339457292154	28.455663075666845	30.3859825134277	26.6529808044434	[]	27.6905746459961	28.2720012664795	28.85453128814695
40	24.45404563287292	1.3895101547240998	24.16915655160975	24.60766077016765	27.1050701141357	21.751859664917	[]	23.654818534851103	24.3884086608887	25.044328689575202
41	24.708312121304598	1.8080024719237997	24.39066078519571	24.961233593466492	27.7308921813965	22.0260028839111	[]	23.772789955139203	24.6759471893311	25.580792427063002
42	24.820434512514055	2.2173881530760973	24.526281635657565	25.226049144371633	28.5949001312256	21.5302963256836	[]	23.658165931701703	24.8761653900146	25.8755540847778
43	23.390121421428642	1.3729553222656499	22.944281190048276	23.377561003555325	26.0731334686279	21.7490386962891	[26.25536346]	22.65365600585935	23.1609210968018	24.026611328125
44	24.31903775533041	1.7331161499023509	23.929914378198635	24.476854420629568	27.1258163452148	22.0825672149658	[]	23.4743595123291	24.2033843994141	25.207475662231452
45	24.14463129910556	1.8421497344971023	23.70036665077903	24.28171571616437	26.8689575195313	21.8818111419678	[]	23.128985404968248	23.9910411834717	24.97113513946535
46	23.942333587492357	1.8589515686035014	23.512010288695635	24.098661708374763	27.3199920654297	21.505931854248	[]	22.93635272979735	23.8053359985352	24.79530429840085
47	30.268371119643692	1.8281784057617472	30.337476061281457	30.914416028562343	32.7272605895996	27.1041870117188	[26.3049469  26.14435005]	29.4909381866455	30.6259460449219	31.319116592407248
48	29.714073624273748	2.9563026428222514	29.13444195945692	30.067397487564477	34.0323448181152	23.9592933654785	[22.86530876 23.76620293]	28.297388076782248	29.6009197235107	31.2536907196045
49	24.02924522245773	1.8944711685180486	23.621706749945506	24.219567511529096	27.2196445465088	21.9100723266602	[]	23.0199375152588	23.9206371307373	24.91440868377685
