	mean	iqr	cilo	cihi	whishi	whislo	fliers	q1	med	q3
0	23.253551247063527	0.07053280707766874	23.241085951965413	23.26334482740086	23.390123882997603	23.12840779406685	[]	23.2175948112503	23.252215389683137	23.28812761832797
1	20.81529234598247	0.06620643674002835	20.805072533007362	20.82596608438407	20.930663925912643	20.706796191510698	[]	20.7832087476367	20.815519308695716	20.849415184376728
2	20.63767158176418	0.06718723719460229	20.621913364367995	20.643116438590173	20.735971783638	20.533807302792862	[]	20.60415179418382	20.632514901479084	20.671339031378423
3	21.129981019842553	0.13858970659119763	21.116722177215664	21.16045857653763	21.337710083847945	20.972252123900816	[]	21.048465557995286	21.138590376876646	21.187055264586483
4	28.134174705160337	0.007781887451812963	28.133341255203888	28.135797077829125	28.14789756477447	28.121596559895405	[28.1506925  28.14997978 28.14952477]	28.129837100861565	28.134569166516506	28.137618988313378
5	21.33049383136388	0.10109825322741273	21.319853825273523	21.35175860148429	21.49559781092689	21.176590289115904	[]	21.278853304726738	21.335806213378905	21.37995155795415
6	20.86601201539983	0.0739110909870746	20.849883691095947	20.873208691698395	20.978080639952704	20.744957845097503	[]	20.83225972063201	20.86154619139717	20.906170811619084
7	20.918726455916463	0.07627070840199934	20.911268839570734	20.93533849265889	21.06529393831889	20.803186257362363	[20.74833308 20.74624093]	20.88638239208857	20.923303666114812	20.96265310049057
8	20.664949449210745	0.0653655324209339	20.655045901829908	20.67567407904575	20.789246933074228	20.568263816379368	[20.49500052 20.80150977 20.81896222]	20.632182336307707	20.66535999043783	20.69754786872864
9	26.171387108728158	0.04552625779293251	26.165819147870426	26.180186409620536	26.258827736396288	26.082756017806023	[]	26.148533593656342	26.17300277874548	26.194059851449275
10	24.75845884925554	0.08233402511051224	24.74497988879052	24.77096301472815	24.893634761764886	24.616504881677173	[24.55625635]	24.71448683468501	24.757971451759335	24.796820859795524
11	27.76962843842527	0.05421267638887528	27.76515978932664	27.78226832733553	27.873046526908876	27.68546238772075	[27.65920364]	27.741126271520343	27.773714058331084	27.79533894790922
12	29.071393721914458	0.0063614756266225925	29.07025543565193	29.07226300205153	29.08338122367859	29.060890520731608	[]	29.068183357874556	29.07125921885173	29.07454483350118
13	26.445405794734505	0.03918362808227016	26.435257832252024	26.447623475032007	26.518047812461855	26.393372728938154	[26.35391434]	26.42649175786972	26.441440653642015	26.46567538595199
14	26.836422844212162	0.04423225359690264	26.8312107625556	26.845169660036575	26.913678415207638	26.763271174748738	[26.7421809]	26.81695235231944	26.838190211296087	26.861184605916343
15	28.535971470404842	0.009551653067269683	28.535254648876414	28.5382689774511	28.550777486165366	28.521462297439577	[28.51655236]	28.530928212801616	28.536761813163757	28.540479865868885
16	20.5228731045583	0.046523457201701035	20.510934331974607	20.525616291782878	20.60659584205869	20.45225254603794	[20.62220086]	20.49976054523104	20.518275311878742	20.546284002432742
17	22.213105523897962	0.0774203392664532	22.20792803189533	22.232360487646087	22.331037575403844	22.076440271377564	[]	22.17318995666504	22.22014425977071	22.250610295931494
18	29.01522594585437	0.09161543586139942	28.999583627120153	29.02849579805583	29.15711640201296	28.870419881184898	[]	28.973358053479878	29.01403971258799	29.064973489341277
19	28.40454575506273	0.015036865942057887	28.40058548202682	28.405330844359774	28.432910627122915	28.377638763745626	[28.37460538]	28.397297013638514	28.402958163193297	28.412333879580572
20	28.549840569782813	0.09108061086597985	28.536073679823048	28.564817069684416	28.716835481939544	28.390025659659553	[]	28.50469468854	28.550445374753732	28.59577529940598
21	29.829163896572595	0.014687759558356106	29.82912324038261	29.83375843106877	29.85706745274861	29.80293967755636	[29.79929031 29.78875956 29.80050164 29.78270127 29.79755818 29.86703097]	29.82263458108902	29.83144083572569	29.837322340647376
22	27.677251158373924	0.09374794944127629	27.65993810686085	27.68952326042838	27.80831118392944	27.5372479540507	[]	27.632043186187744	27.674730683644615	27.72579113562902
23	27.699577824810024	0.058483177162351296	27.691567673124133	27.71002390377	27.798926334381107	27.592094829968048	[27.57975831]	27.670638600712735	27.700795788447067	27.729121777875086
24	26.340160771832323	0.07171477397282544	26.32589809937462	26.348529982137833	26.46235560099284	26.216328105926518	[]	26.302496052583063	26.337214040756226	26.37421082655589
25	26.199147823632366	0.08995244185129536	26.181138500574214	26.209525860743746	26.33687845547994	26.085635188420614	[]	26.15514168421428	26.19533218065898	26.245094126065574
26	26.359372163955605	0.06707271623611177	26.34228876251647	26.363455695999956	26.477670119603474	26.25922831789652	[]	26.321134087721504	26.352872229258214	26.388206803957615
27	28.022500962627085	0.10138391767229749	28.00031033713909	28.032305263870704	28.190366383431446	27.86639049487643	[]	27.97685206959739	28.016307800504897	28.078235987269686
28	26.86595306423801	0.06598793203490061	26.855268741071367	26.87609333632376	26.987112552370345	26.733837874957484	[27.02358288]	26.828556990169343	26.865681038697563	26.894544922204243
29	27.85240582799234	0.0865170030101865	27.846549744371305	27.87385294231338	27.994513433746796	27.70367269861062	[28.05306238]	27.81098457101517	27.860201343342343	27.897501574025355
30	26.554422526716895	0.039135063330334674	26.54634747873708	26.558697795361635	26.626218999226886	26.479266471862793	[26.4550356  26.63632471 26.63593252 26.63237179]	26.53416584968567	26.552522637049357	26.573300913016006
31	27.219477165282303	0.06039246664418485	27.213856102795717	27.23291487059425	27.337039919559402	27.103466752165833	[27.09755646]	27.188532699986794	27.223385486694983	27.24892516663098
32	28.94727381056969	0.01436033725738639	28.946573456822264	28.951105318965098	28.971403079032896	28.92370526313782	[]	28.93958371003469	28.94883938789368	28.953944047292076
33	31.02832505381771	0.06069647963841973	31.0227838384677	31.041938547256674	31.135432126938348	30.931208919419173	[30.88043102]	30.99657512964142	31.032361192862187	31.05727160927984
34	29.31997367666225	0.07627372980117642	29.311261448682533	29.3353320552695	29.418736684163413	29.182174824078878	[]	29.283238713105526	29.323296751976017	29.359512442906702
35	24.605052149935563	0.09580650893846965	24.58198157509433	24.6122163727257	24.737501726945247	24.480700790496098	[]	24.561034771510535	24.597098973910015	24.656841280449004
36	23.384790570322394	0.05791421953836817	23.376716353810668	23.394993031743336	23.467046747525536	23.29835159301758	[]	23.356432209809626	23.385854692777002	23.414346429347994
37	25.13019289335013	0.07241092215643974	25.12455093715692	25.147402511668496	25.278704504119023	25.001994844754535	[24.98939705 24.93583728 24.96910856 24.97850225 24.96837335]	25.099286933686997	25.135976724412707	25.171697855843437
38	23.734355982427243	0.0597492891947482	23.726186119252358	23.74504191190609	23.81425844192505	23.64949716567993	[23.60967329 23.90399188 23.85558575]	23.702664482116695	23.735614015579223	23.762413771311444
39	23.29479789476821	0.04705178692227818	23.287373136626854	23.302221827718434	23.37584714562552	23.214398293177286	[23.41946202]	23.270492626508073	23.294797482172644	23.31754441343035
40	23.82167735651225	0.06244096576221381	23.809006183029307	23.828711420018376	23.93051668475166	23.71261002167444	[23.69107465 23.65687565 23.94953947]	23.788636626610675	23.81885880152384	23.85107759237289
41	23.163635416613907	0.04781550139851021	23.157510060737085	23.172599766274264	23.250766345690163	23.079401967268133	[23.06097164]	23.138356025264365	23.165054913505674	23.186171526662875
42	23.63685094395711	0.07296522728602284	23.629355550171162	23.652382053334293	23.76692044671377	23.522327155431114	[23.77789342]	23.594976879914604	23.640868801752728	23.667942107200627
43	24.036895150248853	0.030282129764557908	24.03177265228639	24.04132914354594	24.09806639830272	23.977660092035936	[]	24.022516902287805	24.036550897916165	24.052799032052363
44	23.74453493863886	0.08399375375111617	23.7350103980596	23.761517304271948	23.87714895502726	23.624723060607906	[]	23.6992305281957	23.748263851165774	23.783224281946815
45	23.65767553827016	0.057446519261311835	23.654507263695468	23.672636343898237	23.751360382715855	23.54698662128902	[23.51331092 23.77544374 23.77403025]	23.628165190798892	23.663571803796852	23.685611710060204
46	28.118907174218133	0.00447396947467027	28.11798612325809	28.119398026929087	28.1268389225006	28.110844001664056	[28.12849521]	28.11645973581738	28.118692075093588	28.12093370529205
47	23.745809828106015	0.05413880694480255	23.736628750429446	23.753713976580748	23.8265818947686	23.646331354542372	[]	23.720292589437385	23.745171363505097	23.774431396382187
48	23.948682716683393	0.04698217289788431	23.94259520418328	23.95742192635058	24.03041889667511	23.867273924691336	[]	23.925746633370718	23.95000856526693	23.972728806268602
49	23.419059850920735	0.0826657096544885	23.399839661668437	23.42592746123603	23.549959459304816	23.310469563802084	[]	23.37922859191895	23.412883561452233	23.461894301573437
