	mean	iqr	cilo	cihi	whishi	whislo	fliers	q1	med	q3
0	23.3160524979747	0.5756855881107477	23.09368386328687	23.576799381307694	23.80468875265672	22.866668427015973	[]	23.0148733669891	23.335241622297282	23.590558955099848
1	20.848620709406813	0.3745787211902467	20.638649643019882	20.9529962180684	21.278424654075074	20.263203238986776	[]	20.675918827951904	20.79582293054414	21.05049754914215
2	20.60208668720154	0.6173402280580369	20.22342264664539	20.741494750989922	21.27279860814412	20.010526912689212	[]	20.337425459521157	20.482458698817656	20.954765687579194
3	21.19352524441926	0.5751154430309953	21.015249001857697	21.497886053956776	21.67715908565975	20.550214309874033	[]	20.95308434035664	21.256567527907237	21.528199783387635
4	28.1309281057041	0.05499217810896084	28.110167824669855	28.156317277014825	28.20926786449978	28.081334411552977	[]	28.094561398670784	28.13324255084234	28.149553576779745
5	21.23626486952613	0.26189681507858964	21.093001624290896	21.31278550997045	21.469511430694943	20.712736252603076	[21.90713167 21.89659686]	21.027147122139027	21.202893567130673	21.289043937217617
6	20.83029879003642	0.3536448019856415	20.598697542907967	20.895476366688076	21.273944117909387	20.48609822391328	[]	20.682939322494338	20.74708695479802	21.03658412447998
7	20.81150925640833	0.37902208606400833	20.62602934687009	20.94410479505192	21.37927679697672	20.46105861822764	[]	20.598538345098504	20.785067070961006	20.977560431162512
8	20.76148728529613	0.2972196747234861	20.690484002761387	20.93991084283784	21.217710931233	20.207033945719402	[]	20.589148225511835	20.815197422799613	20.88636790023532
9	26.337169701952696	0.0686042128524349	26.326545872873858	26.384118548853785	26.48876612599759	26.305201353626327	[25.86601299]	26.32337881125292	26.35533221086382	26.391983024105354
10	24.913631525716003	0.2625987345093854	24.844432390998406	25.064805327674577	25.200426472959062	24.63232042671384	[24.27635935 24.35691396 25.50416611]	24.816271334035054	24.95461885933649	25.07887006854444
11	27.794561710286306	0.38321200366245733	27.674512771319232	27.996104399605006	28.30816550763447	27.392269237699967	[]	27.55178269671259	27.83530858546212	27.934994700375047
12	29.075470858619326	0.031847815434140614	29.064490899601942	29.091217595856037	29.109572121302293	29.041368827819817	[]	29.056577972253166	29.07785424772899	29.088425787687306
13	26.346485395532078	0.17121455105713324	26.20685195423051	26.350535256774393	26.63685711129507	26.15077802812485	[26.71366936]	26.228478379482315	26.27869360550245	26.399692930539448
14	26.8045850300259	0.31206149385467796	26.66417315108358	26.926055250221616	27.17393518543244	26.452965814272556	[]	26.65506667397136	26.7951142006526	26.967128167826036
15	28.549675476937068	0.03482331772078595	28.53727587523071	28.566499613895235	28.5927319201969	28.48897007624308	[28.48488394]	28.5394324112279	28.551887744562972	28.574255728948685
16	20.526535541482524	0.30662143599040803	20.39487603462011	20.652192835568584	20.89333605043472	20.126335492860694	[]	20.368102923351618	20.523534435094348	20.674724359342026
17	22.19720991601101	0.40986151941615745	22.076647923820172	22.420603833710775	22.66946440442403	21.638252383232114	[]	22.001696416695918	22.248625878765473	22.411557936112075
18	29.210088769899752	0.4942007628452245	29.125388619096885	29.540122047341622	29.584559072358275	28.36404324804034	[]	29.03429305630638	29.332755333219254	29.528493819151606
19	28.41560553264239	0.13636571132380837	28.363354902966407	28.4777930487652	28.553035446863333	28.29190016478584	[]	28.34385754258859	28.420573975865803	28.4802232539124
20	28.742068550668385	0.19339021591157035	28.713394881193373	28.87568800832704	28.99751193448544	28.59931420002286	[27.71552001]	28.720976623204702	28.794541444760206	28.914366839116273
21	29.804647858162316	0.09603143670446102	29.757119774845727	29.83770938529961	29.973102310498554	29.675352510770153	[]	29.742896923859902	29.79741458007267	29.838928360564363
22	27.670628988869336	0.3598234265304754	27.486926328232894	27.78889025558217	28.260588105519624	27.097858542124424	[]	27.485494069769267	27.637908291907532	27.845317496299742
23	27.81057169170931	0.5123111643053235	27.667065364854317	28.096997047430335	28.396815473647344	27.153746574220207	[]	27.548721820564495	27.882031206142326	28.06103298486982
24	26.469252368313924	0.44727046259243153	26.31419534023962	26.68954484645166	26.92159386316936	25.708824520111094	[]	26.290782693862923	26.50187009334564	26.738053156455354
25	26.16076936308543	0.2833481933275728	26.015663610109907	26.253449498842944	26.493420209884654	25.885444777806605	[26.72769239]	25.979192226250976	26.134556554476426	26.26254041957855
26	26.394098602976108	0.3273464036782663	26.252218419642784	26.526927619684205	26.902697799682613	25.921412849426265	[]	26.227244078397746	26.389573019663494	26.554590482076012
27	28.294295788820534	0.16305023921481876	28.29854466705753	28.43537647665728	28.557165062497003	28.23349270908554	[27.35963464 27.71535667 28.68725022 28.76660582]	28.257461371742963	28.366960571857405	28.42051161095778
28	26.78472967150584	0.2899510344777738	26.628671302048566	26.871998297053096	27.067477301370538	26.275753024419146	[27.43923679]	26.64882145215784	26.75033479955083	26.938772486635614
29	28.16628148383702	0.2634495044160481	28.207687043309402	28.428773946346144	28.546015364544388	27.780835146945282	[27.43936887 27.35674965]	28.114318673588162	28.318230494827773	28.37776817800421
30	26.61426292447654	0.3532419670082163	26.4578453460052	26.75428611055156	26.971397762298583	26.337943204243974	[]	26.427567591349288	26.60606572827838	26.780809558357504
31	27.13931355918311	0.2044134060977072	27.060291166917096	27.23183495855757	27.308380650922842	26.844740353220974	[27.78590331]	26.985896991303466	27.146063062737333	27.190310397401174
32	28.914936194578807	0.07414254911740059	28.86560316563395	28.92782361506675	29.016921916008002	28.86107346534729	[]	28.87099803392093	28.89671339035035	28.94514058303833
33	31.16370387033865	0.031832737723991755	31.218297549966394	31.245011593001614	31.263773534661258	31.22308079173073	[30.68574266 30.66355094 31.30392791]	31.224344068884843	31.231654571484004	31.256176806608835
34	29.314863875736187	0.42395570168039853	29.030638150977975	29.38642190284742	29.74471294593811	28.93531709003449	[]	29.13189207310905	29.208530026912698	29.55584777478945
35	24.789941561871924	0.2164557050353011	24.721510675023296	24.90316036754014	25.276456749340852	24.622216279029843	[24.21436091 23.93549121]	24.758039613695374	24.812335521281717	24.974495318730675
36	23.454748407814776	0.2373650063446604	23.39811645343726	23.597313237877444	23.80373544138954	23.124034346262604	[22.88300217]	23.357359553598222	23.497714845657352	23.594724559942883
37	25.174778254117548	0.30489031251271825	25.04573485305252	25.301598894659858	25.56075191953447	24.97187882963816	[24.40391581]	25.05322399663925	25.173666873856188	25.35811430915197
38	23.701358968621207	0.33299153741201337	23.54205584069663	23.821502438658722	24.24061617151896	23.26784909566243	[]	23.494639620145158	23.681779139677676	23.82763115755717
39	23.298757650342925	0.4725654799143406	23.143258681877597	23.539835774204697	23.704845870335895	22.881899102528887	[]	23.06762172487804	23.341547228041147	23.54018720479238
40	23.857804921592443	0.4218740392980074	23.70494849104102	24.058985311215483	24.267997655686877	23.19255813709138	[]	23.716861251454503	23.88196690112825	24.13873529075251
41	23.19577950695906	0.24961719467904686	23.104562401881918	23.314041226443134	23.582251347208782	22.83822840228911	[]	23.060191776358884	23.209301814162526	23.30980897103793
42	23.605493732792986	0.3291552650928473	23.436766193831144	23.712993390913628	24.049649572054545	23.177609629313157	[]	23.450100456078843	23.574879792372386	23.77925572117169
43	23.996645297572734	0.12189767654735917	23.919734700821536	24.022031267501234	24.144061209360757	23.82461092662812	[24.26119994]	23.93020473059019	23.970882984161385	24.05210240713755
44	23.78510813168117	0.44349877103170243	23.721550689941203	24.09373499146546	24.218255532582592	23.200125047683713	[]	23.57817397991816	23.907642840703332	24.02167275094986
45	23.570585546219426	0.309452802084742	23.4238110391955	23.683503923418627	24.12327001521701	23.172229484671647	[]	23.425558505597557	23.553657481307063	23.7350113076823
46	28.107950928747517	0.02571244072156631	28.09301158549385	28.114589473450966	28.150112187067663	28.08344081279209	[]	28.092272821150136	28.10380052947241	28.117985261871702
47	23.776121459361374	0.28373933835257503	23.617528160485147	23.855642298240358	24.09152149326082	23.390595185257133	[]	23.65595225042388	23.736585229362753	23.939691588776455
48	23.921974700817447	0.34766652111212437	23.730549526394675	24.0223113750746	24.47075941358294	23.37642220751444	[]	23.775407711585366	23.876430450734638	24.12307423269749
49	23.355913697537922	0.45550659934679416	23.148795801009665	23.531057075653553	23.811320343017584	22.928127794265755	[]	23.114056770404183	23.33992643833161	23.569563369750977
