	mean	iqr	cilo	cihi	whishi	whislo	fliers	q1	med	q3
0	23.387287779181822	0.36128287101699996	23.25328379405519	23.556472487654812	23.71233705383974	23.016253196940536	[]	23.208440697436032	23.404878140855	23.569723568453032
1	20.789347114864853	0.2923670501183082	20.652902578661635	20.89825709471555	21.14831152825768	20.327220706506843	[]	20.647312993073214	20.775579836688593	20.939680043191522
2	20.393828593903464	0.3687419131870264	20.15648169385732	20.465930017880797	20.63337098424211	20.09419862335737	[]	20.230838026874714	20.31120585586906	20.59957994006174
3	21.234204412104273	0.2935499119117928	21.106687040206037	21.35303421423144	21.687976514611805	20.85384121850789	[]	21.07776535947401	21.229860627218738	21.371315271385804
4	28.1324653097272	0.04187788395067216	28.112860292089348	28.14800422484758	28.173709301736206	28.097513323965178	[]	28.111619632034326	28.130432258468463	28.153497515985
5	21.041825339018832	0.31544597904822425	20.833968539715528	21.098690899841998	21.381432609518107	20.825070318276865	[]	20.8978974782342	20.966329719778763	21.213343457282424
6	20.637266121959225	0.2623621280711248	20.479172501162918	20.699346877645215	20.821677815217505	20.465704131917487	[]	20.51602415732824	20.589259689404066	20.778386285399364
7	20.797667290894818	0.21824566394257872	20.711829290704813	20.89498111727292	20.9127862659177	20.52034894536367	[21.23760555]	20.6883451258679	20.803405203988866	20.90659078981048
8	20.86013973872067	0.19805342560209738	20.833986851354524	21.000193345457603	21.107110176619017	20.51544452882832	[]	20.778761383082728	20.917090098406064	20.976814808684825
9	26.460429078471613	0.07110928367781355	26.476401984842276	26.536076917009396	26.55782287601349	26.381206611166007	[26.12471419]	26.43982216699181	26.506239450925836	26.510931450669624
10	24.928557391713444	0.24952340255957495	24.799288067270055	25.008688181456513	25.172701178911407	24.587636089302425	[]	24.829443807780894	24.903988124363284	25.07896721034047
11	27.795735926565392	0.10933746361095942	27.74655821673777	27.838314248958138	27.977304895968757	27.65275770247647	[27.5362996  28.02115081 28.03357461]	27.713705688728876	27.792436232847955	27.823043152339835
12	29.075853679181733	0.016221598943253923	29.069489272232435	29.08310244292569	29.09865916561829	29.05397660196209	[]	29.068413533413146	29.076295857579062	29.0846351323564
13	26.248111111094186	0.12900315927922534	26.1822549091831	26.290514399100218	26.46966406195825	26.104033751209567	[]	26.161446237339415	26.23638465414166	26.29044939661864
14	26.751232847621846	0.21436388946956342	26.64110444008804	26.82099868035539	27.0666735594686	26.512102536932517	[]	26.64254850220229	26.731051560221715	26.85691239167185
15	28.555028474685326	0.01650422341120006	28.55138947714514	28.565239826376565	28.580474218588	28.536942867342365	[28.50245062]	28.549726142989165	28.558314651760853	28.566230366400365
16	20.568825184594395	0.2700719361933359	20.467837505379084	20.694481955147435	20.802312702679973	20.361446654584068	[]	20.42721979246986	20.58115973026326	20.697291728663195
17	22.380217484222296	0.3049675001862937	22.334976408909363	22.59090522643549	22.658687100829525	21.96739967575519	[]	22.199604781506018	22.462940817672425	22.50457228169231
18	29.442693769979524	0.30052876393110495	29.405910953871352	29.658114782602258	29.76342845996621	29.13973253393083	[28.75424929]	29.343017420176544	29.532012868236805	29.64354618410765
19	28.40997011035982	0.08765616397852583	28.368036666859183	28.441597745932185	28.503589716892357	28.276942605721377	[]	28.37557309727563	28.404817206395684	28.463229261254156
20	28.870757682741587	0.182472213242729	28.80625642077051	28.959387156793397	29.198519868478076	28.652693870068514	[28.04896126]	28.83823054877372	28.882821788781953	29.020702762016448
21	29.78025080286115	0.07066818762039873	29.747195390312513	29.806500154536096	29.898538198356736	29.69163644476104	[]	29.741184967253837	29.776847772424304	29.811853154874235
22	27.578186897952556	0.22514118689581863	27.481726739931283	27.67066529142768	27.835909720599947	27.264368594836306	[]	27.512657269705237	27.576196015679482	27.737798456601055
23	27.954611191626732	0.30858949016382553	27.88141439366599	28.14038278626643	28.24680178093874	27.441449630467265	[]	27.83145014663279	28.01089858996621	28.140039636796615
24	26.540907674144215	0.24034175669522284	26.481006578776718	26.682701453002945	26.779752287923703	26.10245041614617	[]	26.45290008000314	26.58185401588983	26.693241836698363
25	26.148016984128198	0.141626358945512	26.105257571325254	26.22411045418429	26.400458839120446	25.88736843353273	[]	26.071184629045366	26.164684012754773	26.212810987990878
26	26.4175150281502	0.21094910451332183	26.338910986856256	26.51593953856524	26.730099552274183	26.155464286277034	[]	26.29456029951198	26.42742526271075	26.5055094040253
27	28.422713048844503	0.12907312449497255	28.428330262765453	28.536648467512588	28.66800369826709	28.257922187561466	[27.86890319 27.97476268]	28.42071086867342	28.48248936513902	28.549783993168393
28	26.680714804110263	0.2343219215252823	26.551491807649672	26.748134834397714	27.138455803719225	26.362035367007994	[]	26.555514367605884	26.649813321023693	26.789836289131166
29	28.533165503430663	0.33764783876922877	28.465375614557733	28.748729782013857	28.9464606149149	28.151243010979236	[27.80988769]	28.384915377043214	28.607052698285795	28.722563215812443
30	26.59001886579287	0.18928393755721018	26.509843663466192	26.668690800574616	26.81523281821312	26.315801583214423	[]	26.52445177455246	26.589267232020404	26.71373571210967
31	27.1354841031686	0.3354055469941919	27.00933606681357	27.29080850234028	27.4882950499102	26.78306547822851	[]	26.96696422157996	27.150072284576925	27.302369768574152
32	28.877716899110606	0.04535495860285721	28.846739835587794	28.884801730435886	28.947835048421048	28.83318410273217	[]	28.84862830610308	28.86577078301184	28.893983264705938
33	31.337355575893685	0.037303848537678874	31.374007391440536	31.40531279230978	31.43272056110854	31.35495312009796	[30.98929655 31.03656479]	31.36271550546268	31.389660091875157	31.40001935400036
34	29.185184922108817	0.1739080246848843	29.11014601233539	29.256089678754662	29.36219957920149	28.908484784357093	[]	29.10572027249733	29.183117845545027	29.279628297182214
35	24.880862739786618	0.09639022124838448	24.879041005291523	24.959931707842163	25.10915171621738	24.862286259465325	[24.52524355 24.28628279 25.17470101]	24.87047835501126	24.919486356566843	24.966868576259646
36	23.505638845668006	0.1745880264696531	23.447603628122383	23.594117952243163	23.76704671728699	23.35748864613037	[23.03149145]	23.4391921195035	23.520860790182773	23.613780145973152
37	25.211903182625765	0.1765567254645113	25.1327112192021	25.2808776761092	25.47389519684271	25.068968940831084	[24.39951567 25.72768667]	25.150283331782955	25.20679444765565	25.326840057247466
38	23.665871096735195	0.3290236140495679	23.529714580363365	23.805831295850883	23.93330621095128	23.400244035711875	[]	23.49811855753752	23.667772938107124	23.827142171587088
39	23.343994854985645	0.27028004988390464	23.2217950081168	23.448614106956633	23.63972415192733	23.044422826391244	[]	23.216650848007077	23.335204557536716	23.486930897890982
40	23.981330709149145	0.31294499425426636	23.84593992350919	24.10856345644726	24.499711124921262	23.53396218261022	[]	23.799603983848886	23.977251689978225	24.112548978103153
41	23.233625115395597	0.25748590495600254	23.16368002595647	23.379762274539612	23.46987093789259	22.889642015025128	[]	23.123006983177504	23.27172115024804	23.380492888133507
42	23.52453846453214	0.3247593560018984	23.40404809775235	23.67658624660868	23.86181149962524	23.19283376453108	[]	23.35948689093571	23.540317172180515	23.684246246937608
43	23.96429433250956	0.06468919461453382	23.930302687918438	23.98458987942016	24.079029734646504	23.8711037948864	[23.81772154 24.15084238]	23.930425634390495	23.9574462836693	23.99511482900503
44	23.990727064064263	0.28777622142125736	23.933069017555948	24.174570908791868	24.2929669520276	23.611774403014568	[]	23.840047157345563	24.053819963173908	24.12782337876682
45	23.51334800056958	0.3384024497428655	23.327692008268112	23.611679445479393	24.008839945687694	23.179715976612243	[]	23.345171078492577	23.469685726873752	23.683573528235442
46	28.09459477831723	0.013934529309580057	28.085335541561758	28.09702940273321	28.105196634675337	28.077903072469088	[28.12142998 28.12509505]	28.085588973834124	28.091182472147484	28.099523503143704
47	23.759135648138773	0.3310205335638656	23.64911729938341	23.926909830325616	24.05890909091621	23.368876445250983	[]	23.614701221383427	23.788013564854513	23.945721754947293
48	23.851539724292348	0.2981442850471332	23.641557964491433	23.891760737828513	24.20455550531101	23.33467215878198	[]	23.75203841194729	23.766659351159973	24.050182696994423
49	23.34336183985321	0.18708631683180243	23.260941807261958	23.417944700399204	23.67293907570421	23.05921859692184	[]	23.232709108028775	23.33944325383058	23.419795424860578
