	mean	iqr	cilo	cihi	whishi	whislo	fliers	q1	med	q3
0	26.138786870621324	1.530058096074626	25.85127067454679	26.334129275821724	28.98365144983085	23.609181115341205	[30.54497661]	25.27706965063058	26.092699975184257	26.807127746705206
1	24.101978787602015	1.6076082322265677	23.843711037137577	24.351043055707624	26.906862940300787	21.65611152105102	[]	23.29076229109438	24.0973770464226	24.89837052332095
2	25.87434261271782	0.9746110900323117	25.658872482959804	25.966442077164995	27.52979684978924	24.216810775771304	[28.50814381]	25.37757710390384	25.8126572800624	26.35218819393615
3	28.755637465871487	1.882796056217657	28.448116373591425	29.042292681356194	32.152773516412665	25.306784104742004	[24.02430918 32.70955342]	27.85537152116467	28.74520452747381	29.738167577382328
4	26.311301312338433	2.0072346789443785	25.972128025054918	26.605574906576695	30.22556552629138	23.08853994225641	[]	25.268987227163286	26.288851465815807	27.276221906107665
5	17.447952602937686	9.442591584811659	13.176338470818456	16.15624921848867	35.043853596023304	4.458288708392947	[]	12.849725917041376	14.666293844653564	22.292317501853034
6	19.31289742934567	7.5492281798972485	15.844537675416632	18.226937251617237	33.38235313497313	11.373241514414769	[]	15.229365657838265	17.035737463516934	22.778593837735514
7	25.210139150830155	1.8278141005878972	24.96105219315042	25.53787719232184	28.70634619410108	22.26931746322958	[]	24.252921184369814	25.24946469273613	26.08073528495771
8	21.70451420578231	0.9502193402006398	21.520428340775513	21.820300340858896	23.53380762989608	19.916378552928204	[18.36342784 19.38030844 24.72296142]	21.23731983144841	21.670364340817205	22.18753917164905
9	20.387986778111742	1.5284658573770287	20.137129146332853	20.619485265935758	23.23002313020302	18.03767154885379	[]	19.68220290524372	20.378307206134306	21.21066876262075
10	21.2735778273828	1.9020366121080414	21.007768591892663	21.608016870341956	23.762835762874428	18.327592536529124	[]	20.303730870172615	21.30789273111731	22.205767482280656
11	20.05471987197589	1.5438079207778195	19.794717915906386	20.28191571262821	23.10507407939476	17.952835502779475	[]	19.312502990778043	20.038316814267297	20.856310911555862
12	20.879225469053964	1.3878247267624033	20.777230453107283	21.215202781150555	22.84014657390075	18.52215472555348	[]	20.15988941942416	20.99621661712892	21.547714146186564
13	25.42560435797039	1.7511153672070634	25.142491310491295	25.695111579649627	28.154305185091257	22.575574522905377	[21.73211679 21.78183187]	24.689725317664227	25.41880144507046	26.44084068487129
14	21.05705703070609	1.5524400520690378	20.74709500299309	21.23701694388433	22.96829911652529	18.74737213266423	[]	20.326475225846835	20.99205597343871	21.878915277915873
15	21.677392436313102	4.820628094893012	17.031562294963148	18.552865142965043	21.443167245495843	13.531202708975652	"[37.99005497 39.80838804 39.73717322 36.58650711 38.14852791 40.26194945
 38.85391104 38.32880346 36.5432482  38.05156824 37.32714257 39.72015354
 37.28713656 38.73331022 37.58372864 39.04526042 38.62888602 37.35631929
 38.00455146 36.61210006 38.32803668 37.32532955]"	15.86166757140308	17.792213718964096	20.682295666296092
16	21.97425450876969	1.2026325119811787	21.817992312272064	22.197521334126062	24.376969214312837	19.757572120150662	[19.59100597 19.48722863]	21.42962091775322	22.007756823199063	22.632253429734398
17	28.15528120376398	1.3261703468662738	27.878958333524945	28.297473656820817	30.39077684151472	26.31237306316791	[24.16823795 25.26314846 31.1061837 ]	27.512996072905718	28.08821599517288	28.839166419771992
18	30.01173820913666	2.1474154853182306	29.514907813908387	30.19259321700325	33.520613780392544	26.590247813952708	[]	28.90422879373908	29.85375051545582	31.05164427905731
19	25.95778856431138	1.3296780632668828	25.78012473799056	26.199747033001568	28.11833104289447	23.572283606004717	[]	25.335419800408353	25.989935885496063	26.665097863675236
20	23.64035131744994	1.1420610141287462	23.41404728771188	23.774461042763143	25.57051564580157	21.886627727690385	[21.37268814]	23.162359072369014	23.594254165237512	24.30442008649776
21	26.690907397825132	1.834576312648906	26.551598090405058	27.13055712113102	29.389799656933267	23.54680217432729	[]	25.765906533137098	26.84107760576804	27.600482845786004
22	27.152137331750318	0.8847750434615733	27.001475599274507	27.280694565550924	28.79935289356944	25.481134899402555	[25.22580047 29.52659266 29.05807942]	26.660221571795404	27.141085082412715	27.544996615256977
23	29.108803742286675	1.7606091956186383	28.969859060069567	29.525475409389372	32.43856787016887	26.410171148328292	[25.17802242 32.72741727]	28.195275548148018	29.24766723472947	29.955884743766656
24	24.767927813063537	4.222884884578733	24.197641519820777	25.53030744534606	30.737053035203992	19.68945978798539	[]	22.502544421576587	24.86397448258342	26.72542930615532
25	24.121008972785294	4.140314722904513	21.958204690772952	23.26481296994131	31.22121559388297	19.67107376919041	[32.29076629 31.98868215 32.57879598 32.59282345 32.72284563 32.57834615]	21.594036885215374	22.61150883035713	25.734351608119887
26	23.700799962015292	3.13934602049558	22.47389798952924	23.464618689784658	29.811589746231174	18.04014029111393	[29.84566939 30.0142107  30.24025572 30.37705552]	21.966974322283768	22.96925833965695	25.106320342779348
27	26.006899795443292	4.69653368570075	24.814716184259176	26.29685708605632	34.161778212542394	19.422324622256443	[35.56412791 35.35093221]	23.418889480506188	25.555786635157748	28.115423166206938
28	22.875814632762363	5.147801709014935	20.687945690409848	22.312498600676875	32.08315111901095	17.33242224465212	[33.1622368]	19.81777632647674	21.50022214554336	24.965578035491674
29	24.659605009281613	5.595105704470203	21.644729132323388	23.41044307572003	35.32397730608137	19.00085152363964	[]	21.426366166606517	22.527586104021708	27.02147187107672
30	23.167546293920086	1.368161017429017	23.023976213109727	23.455743030911947	25.539087162625844	20.73097008151113	[25.87479979 25.90179681]	22.424591798346583	23.239859622010837	23.7927528157756
31	25.6609272411455	1.1890898332638535	25.517308020874772	25.89256321880029	27.55238869175047	23.685055264806987	[28.49834648]	25.068543584646406	25.70493561983753	26.25763341791026
32	23.38508380446744	1.4573404557676675	23.19644613382471	23.656356365899345	26.055349032183763	20.83001198170432	[26.37241938]	22.568079521688514	23.426401249862028	24.02541997745618
33	32.02669484255225	1.2519793458680049	31.789679473604668	32.18478146177221	33.984993966546966	29.898721836382308	[]	31.386971323529412	31.98723046768844	32.63895066939742
34	31.325022011720794	1.4587545369750146	31.121714270835028	31.58207076130705	33.76630405616177	29.117334997248435	[28.07739088 34.48282788 34.26090364]	30.605274493155058	31.35189251607104	32.06402903013007
35	28.27914289636454	1.2865684155977455	28.01248602303277	28.418503694645246	30.605792312108715	26.02672417819698	[31.23125735 30.88678337]	27.624475551427185	28.21549485883901	28.91104396702493
36	32.49694899500701	0.8989479241266878	32.31249412791174	32.596185798428316	34.23449658444094	30.80801544067688	[30.56121955 34.76075499 34.3359593 ]	32.06852964654139	32.45433996317003	32.96747757066808
37	24.38985660381824	1.194860203834729	24.372875687599056	24.74995190988296	25.99931199193427	22.120190326037218	[21.48832208]	23.858421096441205	24.561413798741007	25.053281300275934
38	27.93392773103727	1.6515530513915664	27.623922023677423	28.145122230631777	30.560384804848848	24.83706330676076	[]	27.02842156650877	27.8845221271546	28.679974617900335
39	24.980751096136895	1.7222058059334735	24.7895361459627	25.33303308159804	28.22545315185985	22.388791368919573	[19.37797656]	24.06282653041446	25.06128461378037	25.785032336347932
40	25.461230294419476	2.736752327484478	25.033008213782544	25.8966776419404	30.01389648317273	21.8902066583227	[19.68836321 18.39294845]	24.010558244309973	25.464842927861472	26.74731057179445
41	27.630874501882587	1.6420252446857297	27.32546790823018	27.84366131208928	30.61235819181281	24.50074678002888	"[22.05662416 23.4698247  23.8210307  23.38108866 32.21832299 32.59254368
 31.80189992]"	26.815312140288583	27.58456461015973	28.457337384974313
42	27.58707963130221	2.20362827551844	27.117605291490317	27.813030432258845	31.28389350875327	23.535497960354864	[]	26.432143864511485	27.46531786187458	28.635772140029925
43	26.600072065221024	1.8725011320651888	26.192196290572305	26.78312370688044	30.269889710457345	23.762970262477054	[22.72769622 22.54638738 30.70633952]	25.746403414985828	26.48765999872637	27.618904547051017
44	18.95048055051388	2.5389398472729816	17.48936761943596	18.29061101438979	21.871402872707744	15.09652269970732	[37.55605679 30.79588882 35.05743982 40.4017299  24.28760637 30.39965886]	16.92759010915539	17.889989316912875	19.46652995642837
45	18.91752932544008	3.1639702382840156	16.894942956328773	17.893434613379437	24.28770213239032	13.920878744290398	[37.5558166  30.79576253 35.0567171  40.41801642 30.39990695]	16.791674585646597	17.394188784854105	19.955644823930612
46	31.033211796538193	1.872215370443648	30.93129026572843	31.522127500848526	34.335328034549875	27.55675320828452	[25.30573838 26.25536161 26.73856829 27.01187652]	30.122541744222307	31.226708883288477	31.994757114665955
47	29.841306305230887	4.00038944323456	29.250907966406924	30.513358363598268	35.69651843190342	24.303452382308905	[]	27.909773071359588	29.882133165002596	31.91016251459415
48	32.2040719672758	1.4606504452850047	31.872713814336237	32.33366861910564	34.96406171266451	29.29621536777422	[28.83693508 36.16081351 36.11954931]	31.42928874972211	32.10319121672094	32.889939195007116
49	30.533036527793783	2.3078083698330154	29.859464853870186	30.587767344035107	34.91342537067249	26.53132953860936	[35.69560322]	29.466887891751554	30.223616098952647	31.77469626158457
