	mean	iqr	cilo	cihi	whishi	whislo	fliers	q1	med	q3
0	25.890195822150062	0.4517794252792555	25.921508112596	26.064081510256386	26.18521628254362	25.207010908553258	[]	25.68745420241683	25.992794811426194	26.139233627696086
1	24.049381703498945	0.16914489389368015	24.042027327001303	24.095406389592345	24.1757060984103	23.846971009349698	[]	23.968601321900245	24.068716858296824	24.137746215793925
2	25.77538556809474	0.0076094290455444025	25.77591296850387	25.778314366382066	25.7803546683585	25.763878520987255	[]	25.771970742445724	25.77711366744297	25.77958017149127
3	29.17432482424626	0.2528942513325205	29.105511759515366	29.185320601272537	29.476955898588628	28.985452949129403	[]	29.042208053430528	29.14541618039395	29.29510230476305
4	27.30960108624536	0.13040751885469604	27.30393100085468	27.34508525003741	27.40699480905902	27.153546263624406	[]	27.247320937587546	27.324508125446044	27.37772845644224
5	27.21301780475082	0.021201154980037273	27.212095983983318	27.218786684202698	27.22885170320689	27.187647009348787	[]	27.20289253670284	27.215441334093008	27.224093691682878
6	26.56452305909223	0.045291327582493324	26.56255380381381	26.57684692584785	26.59834849372337	26.510324266306476	[]	26.542892783173148	26.56970036483083	26.58818411075564
7	25.268637913340232	0.19305411910677606	25.26024396987763	25.321168350567103	25.412818705440507	25.03761575619882	[]	25.176438940899192	25.290706160222367	25.36949306000597
8	20.62270831373316	0.3686854989504198	20.606677963031558	20.72302842370378	20.898057876438717	20.181513276463974	[]	20.44663113747597	20.66485319336767	20.815316636426388
9	20.134124547863433	0.3426824456685402	20.11922480323288	20.22736917162091	20.390053956072656	19.7240465957372	[]	19.970465934877577	20.173296987426895	20.313148380546117
10	20.72485906286592	0.27799848132647753	20.649215083654013	20.73694636535778	21.057531627094185	20.51723831161867	[]	20.57962736443463	20.693080724505897	20.857625845761106
11	20.556060968735544	0.22223548587426478	20.49559021942278	20.56572371052237	20.82200360480873	20.390086326317167	[]	20.439960920594203	20.530656964972575	20.662196406468468
12	20.918383258369854	0.12590583403727607	20.88412401261014	20.923857611662076	21.06905104785023	20.824351579763366	[]	20.852607654012786	20.903990812136108	20.978513488050062
13	21.676802285521305	0.10910287374298377	21.67205852062213	21.706489409975788	21.758284819172864	21.546242101885447	[]	21.624696829828373	21.68927396529896	21.733799703571357
14	20.7711089261773	0.1918241285571476	20.762768462387555	20.823304680354383	20.914371110518562	20.541558662364828	[]	20.679497373809514	20.79303657137097	20.871321502366662
15	35.39994748492298	0.125846123135112	35.36570448662706	35.40541924200058	35.55054382013236	35.30596040088499	[]	35.33420307467765	35.38556186431382	35.460049197812765
16	22.547172636926586	0.018604940016370364	22.54636369891819	22.552235080754055	22.561067574786236	22.52490865522055	[]	22.538287271725505	22.549299389836122	22.556892211741875
17	28.43134593963625	0.0	28.431345939636252	28.431345939636252	28.431345939636252	28.431345939636252	[]	28.431345939636252	28.431345939636252	28.431345939636252
18	30.920753479003903	0.0	30.9207534790039	30.9207534790039	30.9207534790039	30.9207534790039	[]	30.9207534790039	30.9207534790039	30.9207534790039
19	25.994751714348823	0.092693491553959	25.990721425168438	26.019973810939838	26.063979043434745	25.883828153272468	[]	25.950483067231737	26.005347618054138	26.043176558785696
20	23.74720274995598	0.05592596193243082	23.74477110351028	23.76242032338169	23.788970568885176	23.680277804631743	[]	23.720493575104882	23.753595713445986	23.776419537037313
21	27.17844963762154	0.2537256063570794	27.223068999172035	27.303140201505805	27.338762276102884	26.70590087610435	[26.6877447]	27.07323433129386	27.26310460033892	27.32695993765094
22	27.149986383531978	0.22935052325601646	27.165882393393247	27.238261261323288	27.299756588140596	26.80316045775031	[]	27.047062491982032	27.202071827358267	27.27641301523805
23	29.584070958204585	0.06412928585057642	29.566621242858645	29.586859283065102	29.66081257874954	29.536176558056404	[]	29.550568598555646	29.576740262961874	29.614697884406223
24	25.111170081285564	0.04944455525051694	25.119865240276834	25.135469045681464	25.14241086625412	25.01908255541413	[25.01554439]	25.09066634063798	25.12766714297915	25.140110895888498
25	27.473189302849875	0.03494304380433633	27.471669988289467	27.4826973795362	27.499286211620397	27.431373995338614	[]	27.45650117028047	27.477183683912834	27.491444214084808
26	23.181904006958014	0.18453804243702265	23.13169081234161	23.189927673596586	23.402735226906632	23.044083372752908	[]	23.08549782085069	23.160809242969098	23.270035863287713
27	28.401747065288404	0.07595119429027619	28.398444726888485	28.422413547114495	28.458470555076662	28.31085851640072	[]	28.365474220649645	28.41042913700149	28.44142541493992
28	26.804968346861966	0.03661006358589347	26.79500667054048	26.80656014301386	26.848778527664265	26.777626438846337	[]	26.785842552760908	26.80078340677717	26.8224526163468
29	24.48447136452753	0.013867075858517097	24.483868427634572	24.488244625420787	24.494827869691196	24.467877044795323	[]	24.477848713061547	24.48605652652768	24.491715788920065
30	23.074295056710525	0.3102277238152169	22.989881431933643	23.087783678379335	23.445535402642854	22.842604175634815	[]	22.9122261885096	23.03883255515649	23.222453912324816
31	25.677693367004398	0.0	25.6776933670044	25.6776933670044	25.6776933670044	25.6776933670044	[]	25.6776933670044	25.6776933670044	25.6776933670044
32	22.925049994899307	0.013918896856779384	22.919692741287943	22.924085292841898	22.946098276017395	22.915960693507852	[]	22.917377375619097	22.92188901706492	22.931296272475876
33	32.49473190307616	0.0	32.49473190307615	32.49473190307615	32.49473190307615	32.49473190307615	[]	32.49473190307615	32.49473190307615	32.49473190307615
34	31.78013248727997	0.07434864316788392	31.77689982739082	31.800362911530456	31.83565912568129	31.691161663944776	[]	31.744624990552214	31.78863136946064	31.8189736337201
35	28.485270312340447	0.16718309359399086	28.496857572165297	28.54961752614137	28.59444401632488	28.232454533305088	[]	28.41024482580636	28.523237549153333	28.57742791940035
36	32.88234329223635	0.0	32.88234329223636	32.88234329223636	32.88234329223636	32.88234329223636	[]	32.88234329223636	32.88234329223636	32.88234329223636
37	24.777065549403808	0.10316174120521282	24.748995019773826	24.78155099538758	24.900516155367853	24.700020098986812	[]	24.723171892082718	24.765273007580703	24.82633363328793
38	28.248689651489254	0.0	28.24868965148925	28.24868965148925	28.24868965148925	28.24868965148925	[]	28.24868965148925	28.24868965148925	28.24868965148925
39	25.52267474823463	0.17459180175364963	25.43687359271446	25.49197160069541	25.84784153306009	25.412361592260282	[25.86033503]	25.42048293075686	25.464422596704935	25.59507473251051
40	26.425051074759107	0.05123619832335535	26.42282333802935	26.43899255351243	26.463316384469397	26.363738230903966	[]	26.40058164173662	26.43090794577089	26.451817840059974
41	28.195291897617185	0.05839625658177283	28.16659372140252	28.185022521488676	28.304051431651615	28.158395117242037	[28.30823017]	28.161111486294104	28.1758081214456	28.219507742875876
42	28.39531421661375	0.0	28.395314216613748	28.395314216613748	28.395314216613748	28.395314216613748	[]	28.395314216613748	28.395314216613748	28.395314216613748
43	27.384497573725273	0.08918640666771793	27.380619771694064	27.408765385044823	27.45110566692434	27.27777083745363	[]	27.341903843591368	27.394692578369444	27.431090250259086
44	29.46423869117721	0.06680504343489702	29.46886886866256	29.489951329461825	29.507863640804835	29.363215503147792	[]	29.434259099467976	29.479410099062193	29.501064142902873
45	29.46427918084615	0.06704561341506476	29.468926031948474	29.490084412272903	29.50806122719473	29.362892200727227	[]	29.434191630374944	29.47950522211069	29.50123724379001
46	31.575306892395037	0.0	31.575306892395048	31.575306892395048	31.575306892395048	31.575306892395048	[]	31.575306892395048	31.575306892395048	31.575306892395048
47	31.167840710564587	0.26163745272378947	31.213851423722957	31.296419461359868	31.33315232794345	30.68055660884789	[30.66183428]	31.05934450813589	31.255135442541413	31.32098196085968
48	32.53166209353235	0.09244785870195926	32.52764248440526	32.55681735290092	32.600705973856144	32.42103247402851	[]	32.48751075598963	32.54222991865309	32.57995861469159
49	31.146892790958297	0.2960966235614251	31.19896338201792	31.292406109363956	31.333976907687884	30.595430545449176	[30.57424237]	31.0241070090691	31.245684745690937	31.320203632630523
