	mean	iqr	cilo	cihi	whishi	whislo	fliers	q1	med	q3
0	22.66879350592753	6.313003914662893	22.91578647239838	24.908056078302693	29.69703244922449	13.69772440927719	[]	19.479325449746334	23.911921275350537	25.792329364409227
1	22.742208623765066	1.4115540852251875	22.537780503735625	22.983241387191192	24.950218373923537	20.009483733734577	[19.29840969 19.60067874 25.81498798]	22.119362871761208	22.76051094546341	23.530916956986395
2	25.129259017824563	0.6543816506248277	25.00351567384945	25.21002666145921	26.393425917840958	23.98469570054621	[23.44592917 23.70072049 26.44614021 26.68259536]	24.79427476033714	25.10677116765433	25.448656410961966
3	24.10371825710352	1.385936483985617	23.873977146280474	24.311353579129694	26.46528163401208	21.870173227049904	[]	23.463182060585954	24.092665362705084	24.84911854457157
4	23.884003248652867	1.710799619209542	23.721245588419855	24.261142938273764	26.610501388300737	21.25604212136932	[]	23.030668589845597	23.99119426334681	24.74146820905514
5	24.33545832511215	0.9529341297386438	24.357004184104856	24.657732922558136	26.38192486934081	23.398165064683923	"[20.03226192 21.89595873 22.32297794 19.46336646 21.88375543 20.25352882
 21.80199319 20.23415702 21.15391455 19.90227607 18.84106893 21.26535796
 22.37024417 27.57705972 26.83144339 27.77341975 26.41061605 27.32349452
 27.57800393 26.78774755]"	24.004825795012387	24.507368553331496	24.95775992475103
6	28.95752918052375	0.6574435217867567	29.114965844080288	29.322443102729252	30.191710969700143	27.821644811096757	"[27.62950707 26.4950419  27.15367805 27.66511591 27.21081335 27.05233601
 26.99581091 27.04896987 27.74738415 26.9740327  27.74158999 27.34706558
 27.34003893]"	28.766262327368015	29.21870447340477	29.42370584915477
7	25.984129659431545	7.41587176599262	27.2252957590406	29.565610468232407	29.944551559583083	18.22733107896073	[]	21.497737809364512	28.395453113636503	28.913609575357132
8	26.366740797796016	1.2129089565795361	26.131807205069745	26.51457928656806	28.662000160412653	24.32059188251861	"[22.60299629 22.92697191 23.54918164 30.85425333 29.91096969 31.22541756
 31.68080996]"	25.714117584591584	26.323193245818903	26.92702654117112
9	26.62665306244813	1.3928876925871947	26.222638438870785	26.662208547156997	28.920012701592725	23.930294907491916	[30.56781932 30.4076511 ]	25.902252521094077	26.44242349301389	27.29514021368127
10	30.490027644581613	1.283125211862579	30.35360675818556	30.758537817110753	32.43207053206891	28.499824172923105	[27.54829918 27.68810653 28.0709832  27.26316329]	29.996026519339065	30.556072287648156	31.279151731201644
11	28.638524685127944	1.9494655389921611	28.20659612299585	28.821812111072635	31.75470386975122	25.73211330065599	[]	27.728556372757193	28.514204117034243	29.678021911749354
12	29.579057497226774	1.3461953959292003	29.354182131911564	29.779016997717484	32.31627622237644	26.958289004998267	[26.67258491]	28.953693951564468	29.566599564814524	30.299889347493668
13	30.38056290014186	2.085788557479816	30.159389183691065	30.81762624541035	33.24381043282401	26.67579353653516	[]	29.357146565317798	30.488507714550707	31.442935122797614
14	27.695882768395975	2.0109910396753676	27.378977773118407	28.013610093999056	31.219877478964843	24.349096845459226	[]	26.596558384466476	27.69629393355873	28.607549424141844
15	29.25642840905776	1.237045613496047	28.959507885539054	29.34989705845897	31.26182432616256	26.87424497317389	[]	28.67438749489938	29.154702471999013	29.91143310839543
16	28.57464134114462	1.5630812220395782	28.275334789109777	28.768614890361782	31.042320638692395	26.385602812109944	[]	27.79424670843764	28.52197483973578	29.35732793047722
17	28.1100236704435	1.8473988475323502	27.85706577525221	28.440071365566006	31.12670789577466	24.73584727498414	[]	27.20836157601469	28.148568570409108	29.05576042354704
18	32.750481102023954	2.2859634007648637	32.42525048416449	33.146659098053604	36.43844348571727	28.898581953850563	[28.09470358 28.15895597 28.23497083]	31.68935729376743	32.78595479110905	33.97532069453229
19	33.11244210849517	1.6270657242381006	32.864863122290906	33.37833557265312	36.26186430532993	30.13719760947781	[29.24094239 29.30681674 29.09359938]	32.405803970794175	33.121599347472014	34.032869695032275
20	27.26161738603763	1.0947845210777558	27.275961300189017	27.621455450967503	28.842768473032816	25.58847929226188	[]	26.646526054434524	27.44870837557826	27.74131057551228
21	24.129346345553103	1.7278647199731836	24.089727349252655	24.635010135585404	26.30704329148215	20.819302154006948	[]	23.391879207229863	24.36236874241903	25.119743927203046
22	25.05164414649476	1.763511047027606	24.775767992464935	25.332300113490433	28.165737397062365	22.68236393631738	[]	24.195720990834182	25.054034052977684	25.95923203786179
23	24.927832114122616	3.088575238658649	24.635423020175665	25.610121381954976	29.336690023054	19.99693336022371	[]	23.366013466248262	25.12277220106532	26.45458870490691
24	23.169979365657703	1.8227781646837258	22.865831638217255	23.441067387298734	26.02790485566363	20.50583762685698	[19.25543064 18.42738394 19.23515323 19.02062622 19.56163997]	22.34790699323237	23.153449512757994	24.170685157916097
25	20.53376510833164	2.7192974184429595	19.172169014041202	20.030329989293385	24.299422750919728	16.800669484304663	"[27.36054478 33.52466484 27.52489426 28.68801883 26.81486998 27.0397215
 31.84103362]"	18.73143523208579	19.601249501667294	21.45073265052875
26	24.09495192035867	0.44417943703123086	23.975476476575274	24.11565145570203	24.864661743587988	23.174651219022405	"[22.49834068 22.35700579 24.96617977 25.00396515 27.8946208  25.12777258
 25.10590021 25.1250095  25.28870222]"	23.814545461159806	24.04556396613865	24.258724898191037
27	26.29589936681452	1.1733062392397215	26.3848743966887	26.75514857843377	28.3189786414556	24.757482769030496	"[22.52569213 23.91630416 22.90297356 22.59675665 22.51167599 23.02631029
 22.98587897 23.03630277 23.10936266 22.94011174 29.07167527 29.82305606]"	25.923319010052214	26.570011487561235	27.096625249291936
28	25.004144580137567	1.9049894258686813	24.656722758059022	25.257902891008445	28.11390550494677	22.167960286656232	[29.95390949]	23.9636616323173	24.957312824533734	25.868651058185982
29	25.658640693158333	4.412930284488748	24.595520231376064	25.988161040348395	32.07372424486464	19.004112853754304	[]	23.516623156228466	25.29184063586223	27.929553440717214
30	26.14966079267191	4.352179888841757	25.236000612537435	26.609469697805768	32.631919628606106	20.12026096378404	[]	23.689137679760723	25.9227351551716	28.04131756860248
31	26.97819406374405	5.788321005555648	26.088282898510734	27.914972088707728	35.13341003621416	20.76292371492432	[]	24.05761705047237	27.00162749360923	29.845938056028018
32	25.19517121234604	3.886922671911126	24.343632007813248	25.570274348674594	32.33849141123757	19.872757491301755	[]	23.080347160269827	24.95695317824392	26.967269832180953
33	25.27906899988972	5.375145375841264	23.801358239996684	25.497656690680838	31.96668833701985	17.28117741281407	[]	22.605425702201977	24.64950746533876	27.98057107804324
34	27.01178369250536	0.27577156048008433	26.994313834601307	27.081342340451144	27.524582062308305	26.50535264954705	[26.3141443  25.21065017 27.91271446 27.60017264]	26.8892611389949	27.037828087526226	27.165032699474985
35	23.087690576688754	1.6273486195628664	22.91412414469361	23.427685871692567	25.545156064333035	20.679488040902765	[]	22.273032538740182	23.17090500819309	23.90038115830305
36	26.713963143739964	1.5339555257869257	26.600811098521294	27.08489965796858	29.406430949058517	23.767691010388084	[23.56976506 23.13140259 23.70633929 22.63168038 22.76549355]	26.05160284417574	26.842855378244938	27.585558369962666
37	21.643558834236487	5.794711979392076	22.35988110974071	24.18858717543763	25.42556146611337	14.210645627572209	[]	18.128629031577724	23.27423414258917	23.9233410109698
38	21.21881279366653	3.6211183954605417	21.260362602952867	22.40312193213701	25.037040842907487	16.336428523376036	[32.1845733  30.54300876]	18.98310587638727	21.83174226754494	22.604224271847812
39	26.40431297281278	10.79613189471316	28.081522005626315	31.48858554081814	31.33416264143325	16.765909775341946	[]	19.568744409254943	29.785053773222227	30.364876303968103
40	27.572734695214812	9.011602603816733	28.758657639605545	31.602556076983745	32.25150052320982	18.973768542897425	[]	22.00689466285784	30.180606858294645	31.018497266674572
41	26.609511102422005	1.3935901893643994	26.37812866847878	26.817920472014414	29.01334494872568	24.484167095298908	[23.66854531]	25.947864413404787	26.598024570246597	27.341454602769186
42	26.80062552369341	1.052260851812072	26.658531698112625	26.990606149655257	28.872690612900904	25.4936960620894	"[24.57639729 24.48701731 23.16440114 24.65314881 23.14542929 29.98058874
 29.32020013]"	26.350182605411675	26.82456892388394	27.402443457223747
43	27.609923379575037	2.4450190638375418	27.451574598947758	28.22317829705829	31.90348616333751	23.020185846184404	[]	26.269012101631382	27.837376448003024	28.714031165468924
44	27.366881347978488	2.199885667369326	26.83756350263904	27.531807544114255	31.332429587333703	24.269069734109944	[]	26.19324098598433	27.184685523376647	28.393126653353654
45	28.04455926686955	0.9647814444156353	28.173488513822303	28.477956050043108	29.571294502184006	26.60768640240291	"[24.65692635 25.61576058 24.52341024 24.05211981 25.55323199 25.77664615
 23.92009557 23.94944838 23.849334   30.32758425]"	27.82552205664242	28.325722281932705	28.790303501058055
46	25.795309934026562	2.620526139036169	25.36263475944551	26.189625309245972	30.626912188827266	22.240462995533992	[]	24.45273538431667	25.77613003434574	27.07326152335284
47	28.008097174537692	1.2559809947177847	28.154633924542996	28.550998760553608	30.114201692065777	25.832125431774266	[24.19851461 25.01795573 24.81544203 25.17820385]	27.409769195263827	28.3528163425483	28.665750189981612
48	27.374893148916314	1.6579530084176284	26.92266227362389	27.44588219100999	30.495412865187088	24.34720711659872	[23.74412622 31.89309315 31.46779849 30.62967339]	26.419362918797233	27.18427223231694	28.077315927214862
49	28.080716950258303	0.9481211294157532	28.12377300852096	28.42298285131282	29.94913404207581	27.00159416399366	"[24.47338129 24.61046716 24.70291453 26.32511386 24.57547188 24.32899599
 22.16351906 24.31533482 30.48197284]"	27.811973741110698	28.27337792991689	28.76009487052645
