	mean	iqr	cilo	cihi	whishi	whislo	fliers	q1	med	q3
0	26.787560116575595	4.488572578511949	26.055205649478093	28.048414917373552	33.374791485923296	21.809673500030332	[]	24.53723032060537	27.051810283425823	29.02580289911732
1	26.69160493684334	4.076939303758728	26.32656936068402	28.136987497577138	31.560689775060386	19.25543063711689	[18.69832168]	25.02438360229292	27.23177842913058	29.10132290605165
2	26.31144153102145	4.470751297234209	26.101822661355072	28.087118156578427	33.506422154783266	19.5463696648896	[14.50812338 17.61382509 17.56123591]	24.32973374264067	27.09447040896675	28.80048503987488
3	26.43259365173453	5.214244971187011	25.428718109598357	27.74417167971591	33.51910840883973	17.101750049044664	[]	24.098466684516353	26.586444894657134	29.312711655703364
4	26.144265231570817	4.4708667242828	25.674536852099713	27.65988360421131	34.98230927801649	17.521932948400977	[35.45232448]	24.20689441197306	26.66721022815551	28.67776113625586
5	25.80525895751282	4.063097638022558	24.828605403324858	26.632876967795262	31.332429587333703	19.124704860716257	[17.66967873 15.93688853 17.69127154 35.26701302 35.27696378]	24.521065611495562	25.73074118556006	28.58416324951812
6	26.825164862786856	4.415451410063376	26.07475309065897	28.035491948845834	33.14167098788233	20.383889350059125	[]	24.521931193163674	27.055122519752402	28.93738260322705
7	26.357414624130115	4.831884981289022	25.620877103725253	27.766538727248115	32.564903449617056	20.424194600262258	[]	23.83252524474357	26.693707915486684	28.664410226032594
8	26.502323183439785	5.588479455694998	25.632171204689286	28.113808484625494	32.80937734921485	20.12026096378404	[]	23.76072626577179	26.87298984465739	29.349205721466788
9	26.90488886886625	3.9873826259045693	26.45244095812436	28.223090282732837	31.57500920103693	20.96284419605285	[]	24.86005637838316	27.3377656204286	28.84743900428773
10	26.411404945638914	4.433232806518657	25.287804530126756	27.256439449609466	32.36581667623476	19.894950887733657	[]	24.420129757219534	26.27212198986811	28.85336256373819
11	26.23984168925525	4.456313145354628	25.418529241921235	27.397413287260626	31.873964138137254	19.872757491301755	[]	23.993476038769593	26.40797126459093	28.44978918412422
12	25.603704780106206	4.39868210219829	24.855021752830638	26.808313980876576	33.88690457090623	17.8592942347912	[15.48169548 16.11417452 16.63726283]	24.167275530378358	25.831667866853607	28.565957632576648
13	26.574740324459604	5.15133928677745	25.462258384056707	27.749777863552954	34.49378444978339	20.193236413857687	[]	24.061909477080185	26.60601812380483	29.213248763857635
14	27.21304251934779	4.4536444435978275	26.5268358867515	28.504534860226315	32.801102937895465	18.44335828645868	[]	24.851355911741656	27.515685373488907	29.305000355339484
15	26.8922221387843	3.85708508323237	26.250547248837012	27.963336248120346	33.27808289996321	20.66208514281893	[]	25.047482600946942	27.10694174847868	28.904567684179312
16	26.67988622812074	4.387052862323852	25.92091826675762	27.8690463789759	33.5443425158901	20.683838288510625	[]	24.396878128003515	26.89498232286676	28.783930990327367
17	25.845995001273177	4.122810552658006	25.249078218046893	27.079866082027348	31.01828707482872	19.10748831255282	[14.25204936 17.65688737 35.02816996 34.58412878]	24.178278671937623	26.16447215003712	28.30108922459563
18	26.602625207089876	4.656170164825561	25.499773632716686	27.567406797402054	33.17630772195505	19.64403623547681	[]	24.3527677841301	26.53359021505937	29.008937948955662
19	26.025424536912734	3.946341795034339	25.342468203503227	27.094892811228593	31.281561360219317	19.51026465424354	[16.29757619 16.33642852 35.83121961 35.27861041]	24.24230978432199	26.21868050736591	28.18865157935633
20	27.035102058382098	4.555889458888682	26.04255185926317	28.06565406695313	32.95226162117183	19.83160370326834	[]	24.96289769707943	27.05410296310815	29.518787155968113
21	26.566811072477325	4.433280021322879	25.947612940675885	27.916268826508972	31.361329169426124	17.95387412094957	[]	24.488300310284853	26.93194088359243	28.921580331607732
22	26.540517752669924	3.796347191856931	25.91645729154945	27.602274837016587	32.840790522788495	21.063488764601114	[]	24.4896771306346	26.759366064283018	28.28602432249153
23	25.61298328651971	4.745773905131827	24.65100527143321	26.758428147099647	33.786128535625856	17.534861593174398	[]	23.457563764607826	25.704716709266428	28.203337669739653
24	26.373143380697265	4.278196459691721	26.022338001336607	27.922127006455483	34.634359236662114	18.71864582333422	[17.92912304]	24.499754039239974	26.972232503896045	28.777950498931695
25	27.14285597680443	3.0570368536075136	26.64069981491446	27.99821695033494	32.505679693099374	22.95553318881726	[19.29840969]	25.463855110318164	27.3194583826247	28.520891963925678
26	25.884526200586578	5.113621488900748	25.04435765570458	27.315128054512606	35.81210719091577	17.19136237676273	[]	23.15898241212728	26.179742855108593	28.272603901028027
27	26.91100606523735	4.688107036581769	25.40189098028374	27.48370612992281	34.34165912255479	19.17350633660672	[]	24.63883164823656	26.442798555103273	29.32693868481833
28	26.652407605340336	3.6476979407499996	26.06120981241095	27.68101771677516	33.65118458296591	19.463366459097596	[]	24.853122001760138	26.871113764593055	28.500819942510137
29	25.75526186046893	4.9190923376625975	24.969832433820994	27.15421962274623	34.56214189749065	17.05528696059937	[]	23.70031055139375	26.06202602828361	28.619402889056346
30	26.240963590952692	5.395742520773361	25.487501197986994	27.883551125099572	32.25150052320982	18.658873837193536	[]	23.59948116816743	26.685526161543283	28.99522368894079
31	26.215397852846426	4.034956138832442	25.860013024729856	27.651787988996727	34.460263588198075	18.512637607114943	[17.82723681 17.28302394 35.02003024]	24.508062399188734	26.75590050686329	28.543018538021176
32	26.77886226468094	4.1425934935343065	25.806205903021283	27.645778640235076	32.3956056878673	21.499078555820077	[]	24.53253375211039	26.72599227162818	28.675127245644696
33	26.968592503952642	3.767668062879441	26.353992350416892	28.02707455415273	33.9850338172318	22.63855719236001	[34.82091055]	24.831441247924207	27.19053345228481	28.599109310803648
34	26.71040641830976	4.646019906900435	25.654063338349918	27.717189148455628	33.24381043282401	18.95817986912949	[]	24.29233129562443	26.685626243402773	28.938351202524863
35	26.421962142996435	5.081800103477963	25.689150030695863	27.945789727764627	33.121599347472014	18.427383939897798	[]	23.974781748133793	26.817469879230245	29.056581851611757
36	25.656249018464194	4.1483575072425545	25.848734529689935	27.690866852460736	34.02872678500201	18.483791686568555	[16.07318388 17.19170275 16.3415811  16.87707839]	24.183384345048122	26.769800691075336	28.331741852290676
37	26.481160134264588	4.565924935048923	25.463174336407167	27.490732928335202	33.52466484030293	19.600678744699287	[]	24.274049836405073	26.476953632371185	28.839974771453996
38	25.072651571286002	5.8463408860346	24.163460868585528	26.759604883969477	34.44055526804121	16.765909775341946	[]	22.13234438016703	25.461532876277502	27.97868526620163
39	26.64384980452886	4.837957677623088	25.90046756789942	28.048825851530246	33.20533690963352	17.28117741281407	[]	24.08446946629727	26.974646709714833	28.92242714392036
40	26.35789576179284	4.756179441188493	25.89714576153015	28.00918935136413	35.59831923468003	17.059307623785877	[16.26235852 35.9246803 ]	24.010291796426834	26.95316755644714	28.766471237615328
41	25.484368369935854	4.567400901019738	24.906015799163644	26.934229813055044	34.1779214322053	17.799764888698622	[15.54658858 16.15952235]	23.854459030451636	25.920122806109344	28.421859931471374
42	25.61640299789241	5.371427774365753	24.71298099353591	27.098233639990003	35.12502976933344	16.63561937948935	[13.69772441]	23.306575325663527	25.905607316762957	28.67800310002928
43	27.130110187732942	5.044130464685118	26.36112452163959	28.601036523690205	34.19949843959998	21.84950208541786	[]	24.65175818013674	27.481080522664897	29.695888644821856
44	26.744438096162536	3.7148521032020057	26.088204133312015	27.737832720451383	31.74016322716253	19.24640148416214	[35.18333893 36.26186431]	24.54566720889662	26.9130184268817	28.260519312098626
45	26.1449961034564	4.9790223340722015	25.572129380108308	27.783129266540193	35.396322243657885	18.160905983655475	[15.52208995 36.3622308 ]	23.71183254277586	26.67762932332425	28.69085487684806
46	26.56336136911682	4.156487383798513	26.175786635752857	28.02152913637302	31.50715246873106	18.80479311546621	[]	24.636108675712094	27.098657886062938	28.792596059510608
47	26.526593137898413	4.696325798531316	25.515872992686095	27.601337790894267	32.956032873247324	21.24991212139522	[]	24.096342951693902	26.55860539179018	28.792668750225218
48	26.65541085130144	4.361429732535861	26.149850300507847	28.086600127341942	32.97447740349745	20.307992906588705	[]	24.39946183075837	27.118225213924894	28.76089156329423
49	26.36971154805945	3.3993323810624183	25.331202918524458	26.84072085280658	31.81026833855196	21.9377934331388	[18.20839819 33.18121189]	24.382914371472193	26.08596188566552	27.78224675253461
50	26.732849098572615	4.389150054684116	25.851303286120597	27.80036268399281	33.7364432375087	19.928953729990862	[]	24.10781535689682	26.825832985056703	28.496965411580934
51	26.653808746264982	3.67174833537241	26.041684741972595	27.672172538133005	32.130557800821215	21.30079923926123	[]	24.839930191048776	26.8569286400528	28.511678526421186
52	26.68035641551689	4.706457976445257	25.782935634443827	27.872899758566593	34.821484286842235	20.4589942620409	[]	23.983699522938046	26.82791769650521	28.690157499383304
53	26.34422732803128	5.479859408557651	25.074423283815943	27.507826413396675	35.495080539628624	19.69642917940286	[]	23.61997061755303	26.29112484860631	29.09983002611068
54	25.677200197998964	3.7706067705659727	24.725082559913815	26.39946973517322	33.266282775987115	19.584783538214943	[17.78756212]	23.990218823568632	25.562276147543518	27.760825594134605
55	26.62952310191567	5.198318961523899	25.500854671940566	27.80923608949606	35.13341003621416	18.104725185210107	[]	24.105685517479646	26.655045380718313	29.304004479003545
56	26.25280519671077	4.2287842214446805	25.187825167596035	27.06567202306739	32.15525152562528	19.34054243624336	[]	24.310078335665494	26.126748595331712	28.538862557110175
57	25.696839271114037	3.7275612407447554	25.229217235032895	26.884489480661475	30.88357418986626	19.083049502533267	[17.70847598 34.76641562 33.92502103]	23.76031219801776	26.056853357847185	27.487873438762517
58	26.672361765777595	4.2115852474478785	26.179447808822694	28.0496572352965	32.9318819842334	20.87211913456549	[16.80066948]	24.42782139237679	27.114552522059597	28.639406639824667
59	26.769274009631673	4.18376836949124	26.153906191446882	28.011763170014977	32.049663156933185	20.53604052781567	[18.21874029]	24.641514089827282	27.08283468073093	28.825282459318522
60	27.125448150370612	4.586318296484311	26.212811298072218	28.249425828454086	35.95109345733845	18.723733308427366	[]	24.609702680095705	27.231118563263152	29.196020976580016
61	25.830296262372958	4.555320920779792	25.639668785775218	27.66251852669362	32.866594818888814	19.205560709548838	[14.94256641]	23.69309560513069	26.65109365623442	28.248416525910482
62	26.63242246230962	3.6696138152568274	26.241481203484312	27.87102113811359	31.19641034414672	20.82629322968996	[18.45005428]	24.93249412737629	27.05625117079895	28.60210794263312
63	27.182803909828504	4.591205845187027	26.60835692239837	28.647141832606152	32.51141344147693	19.18423235602477	[]	24.77156367901528	27.627749377502262	29.362769524202307
64	26.657270415961293	3.8200245420231447	26.556954000995198	28.253285782996336	31.66087244816062	21.3264726571707	[18.40332529]	24.686033136677718	27.405119891995767	28.506057678700863
65	26.72484063877648	3.721548512916062	26.051391123728493	27.703993339047024	31.94416085256835	20.780133579439244	[]	24.938209379189402	26.87769223138776	28.659757892105464
66	26.380223318728444	4.549121879775928	25.54176019129448	27.561857167104414	33.266684331526804	18.760698723787765	[]	23.648231347603968	26.551808679199446	28.197353227379896
67	26.540880676227278	3.9168384574730517	26.097581512058515	27.836904777467947	33.26068725068885	20.009483733734577	[34.15963166]	24.28823073246767	26.96724314476323	28.205069189940723
68	26.95559276219082	3.648346520924452	25.55240836318589	27.172504278046098	33.0702530218492	21.02918321723861	[]	25.20214346189369	26.362456320615994	28.850489982818143
69	25.744261098631778	3.7698578003161067	24.535668916331623	26.209723501571084	30.903994707813087	18.958449075287746	[33.96560757 33.68458421]	23.819095691887618	25.372696208951353	27.588953492203725
70	26.39667637423705	3.4963535419369336	25.61617165109738	27.168773098824925	30.790787045411317	21.86530370654909	[18.52891416]	24.957601408089154	26.39247237496115	28.453954950026088
71	25.48841230227377	5.618685782079542	24.226818728554154	26.721869522173304	33.17050612506944	19.37386736127773	[]	22.963165034390713	25.47434412536373	28.581850816470254
72	25.466584520957912	5.025744896665106	24.912141503368662	27.143889153850484	34.964080557877665	16.46469052587985	[14.6898683  36.43844349]	22.906738133515386	26.028015328609573	27.932483030180492
73	26.39408561932769	4.616863453872998	25.45253422154831	27.502712727945163	34.60469653207675	17.722446878226286	[]	23.752152625071435	26.477623474746736	28.369016078944433
74	26.859846170968027	4.22829989698721	25.989310585451413	27.86694237032284	32.7061579022613	21.46964201974195	[]	24.57525299162561	26.928126477887126	28.80355288861282
75	25.248564686016294	4.6079871416990414	24.367705824503275	26.413942688567204	33.54400269133803	16.99418629682082	[]	23.192601097043216	25.39082425653524	27.800588238742257
76	25.65113243939375	4.557702473936125	24.984295246418142	27.00820254711533	33.85113505308083	17.146621690368452	[16.61813974]	23.795319018758963	25.996248896766737	28.35302149269509
77	27.086134047741687	4.155688801936659	26.24842198785155	28.09380986776761	32.41600225372105	18.861165277579406	[]	25.036284404939853	27.17111592780958	29.19197320687651
78	26.545120251187296	4.099538484171916	25.461629213527612	27.282082811596528	32.6939809789199	21.867138807739277	[]	24.42049964520988	26.37185601256207	28.520038129381795
79	26.836214509913376	4.03195733664603	25.81507035073027	27.605513657726146	32.85193515846992	21.698751703851578	[18.89274148]	24.995011843758483	26.710292004228208	29.026969180404514
80	26.625778718907778	3.3248725272650184	26.06484114335867	27.541294207221718	32.75240107343142	21.75788849552876	[18.54634707 33.5143516 ]	24.837918114199514	26.803067675290194	28.162790641464532
81	26.52376553159753	4.144166839344656	25.864944759712085	27.70521616167863	34.04811304530794	21.59831149184781	[]	24.169339919762294	26.785080460695358	28.31350675910695
82	26.57126864358978	3.4944357775495156	26.047195843601664	27.59894568300968	32.039770349902746	21.890365065936056	[33.80261874 33.65711465]	24.48993564342259	26.823070763305672	27.984371420972106
83	26.03840329980278	4.3166270069026496	25.285546517462993	27.202401108919457	33.51120031079236	18.02245445440509	[]	24.101612538076687	26.243973813191225	28.418239544979336
84	24.941315079570266	4.295962981939365	24.292914572114412	26.200593033443	32.11801670788193	18.22733107896073	[15.13906545 16.88809217]	23.448327973253935	25.246753802778706	27.7442909551933
85	26.73921689953415	3.527554310914521	25.612765920402506	27.179222477032443	32.39103660044839	20.04153263108408	[]	25.228087968261217	26.395994198717474	28.75564227917574
86	26.026629444038964	4.82967928061656	25.42299007837286	27.567672231708787	35.599185683826946	18.234803608750354	[15.84020531]	23.865459635290648	26.495331155040823	28.695138915907208
87	26.236909098229813	4.213581233186066	25.09732447656346	26.968420246569064	33.84611696972888	18.045031691894515	[]	23.990858337863504	26.032872361566262	28.20443957104957
88	25.60458969682796	4.052807809984895	25.366619423357438	27.166321655317123	33.138192419800255	18.40470889909698	[16.30889563]	23.80992102665259	26.26647053933728	27.862728836637483
89	26.191178485626427	4.7075824282559005	25.55740708992993	27.647870541562966	32.512379873656435	17.661526917167652	[]	24.18484449343734	26.60263881574645	28.89242692169324
90	26.4660336034509	4.573608820515016	25.60247643761698	27.633447159226904	31.77616803997805	19.02062621596501	[]	24.139336645508735	26.61796179842194	28.71294546602375
91	26.73101132958936	2.854553308086629	25.97824380251537	27.245845475398678	31.83406580350712	21.36253268194266	[33.05729613]	25.2873891293706	26.612044638957023	28.141942437457228
92	26.46483302000562	4.775027559681966	25.591274832970786	27.711688175951554	33.587397045649965	20.67620576764373	[]	23.726432311873868	26.65148150446117	28.501459871555834
93	26.488108566057434	3.5285663545787926	25.73961542728455	27.30652139511947	31.596469229909804	19.561639974571488	[18.73913716]	24.566722007422012	26.52306841120201	28.095288362000804
94	25.613261174784547	4.181979094706048	25.115957572573684	26.97302000030802	32.89618106606479	18.19807201403664	[16.35837166 14.21064563 16.91558494 35.72443496 34.40673347]	23.840958283090902	26.04448878644085	28.02293737779695
95	26.46213906259663	3.5911409068679916	25.58147020770414	27.176163222618197	31.339217534702687	21.01190265676091	[]	24.707855410714902	26.378816715161168	28.298996317582894
96	25.55442872927439	4.216719944472704	25.231909006006674	27.104398561746237	33.06414456822934	17.563240768565972	[17.36348539]	23.880327305343503	26.168153783876456	28.097047249816207
97	26.790191384042416	2.991683532419124	25.96310868235835	27.29160482208322	31.841033619616475	21.4579688153988	[33.03606919]	25.093054693772025	26.627356752220784	28.08473822619115
98	26.515995909853867	4.638323552545305	25.74075952648607	27.800467669936882	34.31991562240855	19.83826996227176	[]	23.797971143929608	26.770613598211476	28.436294696474913
