	mean	iqr	cilo	cihi	whishi	whislo	fliers	q1	med	q3
0	24.04135000907023	0.17387681412916223	23.941658269584	24.07815156867539	24.29956807017541	23.819671785283248	[]	23.961890931011713	24.009904919129696	24.135767745140875
1	25.828678484303833	1.220667957724391	25.495244690163158	26.453469036976802	27.74816015156636	24.128040510824256	[]	25.17420403118499	25.97435686356998	26.39487198890938
2	24.04135000907023	0.17387681412916223	23.941658269584	24.07815156867539	24.29956807017541	23.819671785283248	[]	23.961890931011713	24.009904919129696	24.135767745140875
3	23.866257816883483	0.2684377020182538	23.73525067177633	23.94597426786066	24.11608943972649	23.62240399591008	[]	23.731064610206165	23.840612469818495	23.99950231222442
4	27.538369010470717	1.1484516336075465	27.251840881380875	28.1533754137628	29.38640942970052	26.34457937600412	[24.76735314]	26.845724246486405	27.702608147571837	27.99417588009395
5	27.245779469076254	1.0529963633250077	26.900800557684967	27.7274027028951	29.21993431196852	25.50785507502052	[]	26.6348915128613	27.314101630290033	27.68788787618631
6	26.50739067923346	0.9701646539322795	26.26602654811869	27.02760580145553	27.32927409186141	25.33877835845255	[]	26.00451515771922	26.64681617478711	26.974679811651498
7	24.013974067364707	1.3604398131322348	23.472689705117737	24.540634958426544	25.95183353870708	22.34583764711316	[]	23.34742890933932	24.00666233177214	24.707868722471556
8	25.682135338280588	0.42612414721708447	25.44910127499765	25.783608730563056	26.19660293309225	25.19649458589208	[]	25.516457901093197	25.616355002780352	25.942582048310282
9	35.692242940915804	1.1092392717467447	35.46655710024318	36.33730992856438	37.01010422572044	33.63320836043958	[]	35.2786513049366	35.90193351440378	36.38789057668335
10	29.032367990366303	1.0769608811970386	28.76298776337078	29.608402055110453	29.85281400642001	28.024020230692795	[]	28.5365833484899	29.185694909240617	29.613544229686937
11	27.229104550726458	1.242494457622925	26.75765215974384	27.73301030897784	29.224151841319927	25.676246671160914	[]	26.563973942894435	27.24533123436084	27.80646840051736
12	27.163745032649565	0.1228515321982222	27.225150897130508	27.32158934990611	27.50791343056367	27.166427101918902	[27.0147016  26.26203866 26.28661624]	27.217971462516353	27.27337012351831	27.340822994714575
13	26.579524395024706	0.3343967695500929	26.390560432115063	26.653061896211884	27.23680119678542	26.1833789076421	[]	26.405951108023057	26.521811164163474	26.74034787757315
14	20.193739838201967	0.9528124152055995	20.230736391187296	20.978694137123693	21.5083455057366	19.82634236281188	[16.99110357 16.02257222]	20.110137972063075	20.604715264155494	21.062950387268675
15	25.544363089662017	0.9872253834539464	24.998386344066233	25.77335827007758	27.083121958663515	24.110225778845024	[]	24.994664992372215	25.385872307071907	25.98189037582616
16	20.265645698351218	1.2376575709852098	19.50437976699943	20.475940960222818	21.43999613768566	18.453549250955422	[]	19.802938635762807	19.990160363611125	21.040596206748017
17	20.82689766813006	1.3298740334982142	20.311923561802686	21.355874678098786	22.523466580906238	18.86090894068371	[]	20.090245178018186	20.833899119950736	21.4201192115164
18	20.602672404217746	1.293967845963376	19.99236842691923	21.00813318600048	22.07689880690002	18.92957169544791	[]	20.02169953613302	20.500250806459857	21.315667382096397
19	20.61872780257297	0.8920147234877334	20.609673037292055	21.309904595229924	21.670809409605496	19.504291656769	[18.67466164 18.65285685]	20.320873910102357	20.95978881626099	21.21288863359009
20	21.65128284741492	0.23563335349021486	21.54341445543495	21.728386637924764	22.08845254826604	21.433273585269223	[21.11098679]	21.529171458248243	21.635900546679856	21.764804811738458
21	20.9170938342697	2.1058597777285684	20.00744128913101	21.660541214647935	22.57363846495216	18.83120500730636	[]	20.05430332911257	20.833991251889472	22.16016310684114
22	23.749144970971418	0.37507587262004094	23.59648460210801	23.890919162114745	24.276014853231192	23.23286646347348	[]	23.55079335456321	23.743701882111377	23.925869227183252
23	29.08793938854545	0.15137144182957485	28.980722710625514	29.09954929246173	29.231201174687623	28.913237196929742	[29.39090616 29.40356471]	28.995836710480155	29.040136001543623	29.14720815230973
24	30.193261386714763	0.48125173957406986	30.22561486142524	30.60339747699088	30.771470773363752	30.03627018068151	[28.65238714 28.46862944]	30.131935016271843	30.41450616920806	30.613186755845913
25	23.615170812746918	1.2490641309249888	22.9239767824753	23.904492125251416	25.136385132037468	22.013952044081726	[]	23.142683509258823	23.414234453863358	24.391747640183812
26	35.46001920882618	0.5109849235015034	35.25339572556356	35.65451889051224	36.24389091416662	34.63311000764741	[36.53680827]	35.166249237044134	35.4539573080379	35.67723416054564
27	22.331920916127444	1.4935114114848957	21.980573262789456	23.1529797208051	23.60551928625255	20.29769287875988	[]	21.666826554936442	22.566776491797278	23.160337966421338
28	29.38939562095699	1.069628182925932	28.824135720968894	29.66379384456575	31.0075081885594	27.64443126492072	[]	28.896006004249944	29.24396478276732	29.965634187175876
29	28.380894481751017	0.0685442835307093	28.336094608866954	28.389901871438564	28.4915746800442	28.264121203852827	[28.52668224 28.55348125]	28.336095629518447	28.36299824015276	28.404639913049156
30	30.929400718428454	0.1540357150878755	30.89152926632412	31.0124473026681	31.07218699546586	30.72036891074906	[]	30.858685789151828	30.95198828449611	31.012721504239703
31	28.85911322207307	0.4262771858972485	28.757765825576694	29.09239341650603	29.619446666652188	28.22617971116684	[27.02107028 29.90912814]	28.6784908242974	28.925079621041363	29.104768010194647
32	25.950648687930528	0.2615955283566507	25.962236388650453	26.167588878410427	26.364329905101744	25.754909295493466	[25.12129156 25.0037409 ]	25.92019417636615	26.06491263353044	26.1817897047228
33	23.68427107867155	0.635253980669745	23.590678922509692	24.08935329733544	24.46381328745284	22.764105796437324	[]	23.344390689124978	23.840016109922566	23.979644669794723
34	27.08195562482087	1.2238651740670505	26.882887856260062	27.843622017902696	28.31384562860988	25.050322553129632	[]	26.613837646459146	27.36325493708138	27.837702820526196
35	27.015424355655156	1.2056026154001103	26.621884975205873	27.568283028294957	28.3619207446927	26.104724850379792	[23.65580588]	26.62153592601383	27.095084001750415	27.82713854141394
36	29.471257298243657	0.09235959459583043	29.404090179836405	29.476592461594134	29.5940729165282	29.36137873402329	[29.25066634 29.7283351  29.72834087]	29.40554706683783	29.44034132071527	29.49790666143366
37	24.71796178150155	1.5243718747565325	24.554840431412654	25.751472353096535	26.01254984244066	23.063677523106	[]	23.83507672000831	25.153156392254594	25.359448594764842
38	27.48851418212663	0.5114744824870066	27.290375650517944	27.691883119270244	27.866284427063945	27.07588375252192	[]	27.259184500103864	27.491129384894094	27.77065898259087
39	23.157179802698657	0.6452617801033469	22.87411741960623	23.380647916987357	24.00574375304828	22.36809705251965	[21.47250765 24.64631251]	22.91872716758057	23.127382668296793	23.563988947683917
40	28.385275460299038	0.2537791600267525	28.269096681908938	28.46831332252994	28.63076440993742	28.17560901397903	[]	28.259013309821967	28.36870500221944	28.51279246984872
41	26.829433637850038	0.4558656000966401	26.652586985025266	27.010441481101125	27.372289882022827	26.355335054873315	[]	26.592427023801253	26.831514233063196	27.048292623897893
42	22.950552589182667	1.434821801571914	22.647616203737886	23.77395131797184	24.621070459163644	20.870125400110947	[]	22.202785068252936	23.210783760854863	23.63760686982485
43	25.71909235370468	0.182453380131399	25.651801909150507	25.795027812553656	25.906425008721524	25.48033211150114	[]	25.628801563648416	25.72341486085208	25.811254943779815
44	22.971173034421184	2.001271515376221	22.143211796328217	23.714209935898552	24.844357172038634	21.11586587411488	[]	21.894120852381207	22.928710866113384	23.895392367757427
45	32.47465662839716	0.13117357761733928	32.44619768193504	32.549168940364645	32.61129802803682	32.33826488594682	[]	32.39936061330343	32.49768331114984	32.53053419092077
46	31.758556686771062	0.22622064097978978	31.65652224182348	31.834105444992616	32.037951423191934	31.5654397043034	[]	31.65078063491664	31.74531384340805	31.87700127589643
47	28.13517986728327	0.3607132929425809	27.92271081178015	28.205870746740075	28.70656233575933	27.46363986224521	[29.20073255]	27.923028688956077	28.064290779260112	28.283741981898658
48	27.51692795844792	0.26717399664447683	27.415174290852608	27.624905878218524	27.83684133237827	27.12190148708756	[]	27.403122575748693	27.520040084535566	27.67029657239317
49	32.86480060114474	0.13622683519826495	32.82389028561037	32.93082835124101	33.05177026216046	32.70115380708226	[]	32.791479043614224	32.87735931842569	32.92770587881249
