	mean	iqr	cilo	cihi	whishi	whislo	fliers	q1	med	q3
0	24.030186257273904	0.011843565825273572	24.02696359777301	24.03070121247089	24.04435910236968	24.021340993003555	[]	24.023998953040877	24.02883240512195	24.03584251886615
1	25.98357227646268	0.32034826539256755	26.039907682583838	26.141003788506318	26.185979421724227	25.386942798685453	[25.36401922]	25.850729788252323	26.090455735545078	26.17107805364489
2	24.030186257273904	0.011843565825273572	24.02696359777301	24.03070121247089	24.04435910236968	24.021340993003555	[]	24.023998953040877	24.02883240512195	24.03584251886615
3	23.886061457777267	0.11446178907084459	23.8549161610414	23.891038226936782	24.02303449696317	23.800576664757532	[]	23.8262644403514	23.87297719398909	23.940726229422246
4	27.598267966266718	0.24565101219559438	27.477545569836742	27.55506857661331	28.055778279101933	27.443057136464777	[28.07335665]	27.454483875879223	27.516307073225025	27.700134888074817
5	27.246221753364097	0.18782927991529164	27.23805498456618	27.297330500712302	27.386500419694094	27.021452006822976	[]	27.156518064664496	27.26769274263924	27.344347344579788
6	26.521985630969667	0.6830606488707645	26.336123372740637	26.55168493236105	27.339384116381055	26.011847718024114	[]	26.165141745730764	26.443904152550843	26.84820239460153
7	24.054939717414992	0.16914489389368015	24.047585340917355	24.100964403508396	24.18126411232635	23.85252902326575	[]	23.974159335816296	24.074274872212875	24.143304229709976
8	25.737547396640252	0.001375384091495846	25.737789267222187	25.738223313511238	25.73841641201385	25.73498582605925	[25.73488741]	25.736977050349175	25.738006290366712	25.73835243444067
9	35.95868219604	0.17282378496780382	35.95116786230406	36.005707916234485	36.087754138797266	35.751869081700235	[]	35.876144846093055	35.97843788926927	36.04896863106086
10	29.17295725527651	0.2528942513325205	29.104144190545618	29.18395303230279	29.47558832961888	28.984085380159655	[]	29.04084048446078	29.144048611424203	29.2937347357933
11	27.315604206907643	0.11422497170448764	27.31063773450647	27.346685065133585	27.400912134934323	27.178914560061806	[]	27.261052534729068	27.328661399820028	27.375277506433555
12	27.205088936311547	0.01822538028686438	27.20635211557358	27.21210371523871	27.216990452366	27.177528352185565	[]	27.196910070889835	27.209227915406146	27.2151354511767
13	26.567616337715645	0.04533292740613604	26.56564527368758	26.579951523871927	26.601472840813756	26.513367763650734	[]	26.54596619451265	26.572798398779753	26.591299121918787
14	20.622451380869755	0.3686820598811984	20.606421179697996	20.72277055506231	20.897798375136333	20.18126045903304	[]	20.44637584704656	20.664595867380154	20.81505790692776
15	25.43355614421284	0.2929428252299715	25.4208190654904	25.51326651124881	25.652337948906634	25.083000125429855	[]	25.293652227139518	25.467042788369604	25.58659505236949
16	20.134124547863433	0.3426824456685402	20.11922480323288	20.22736917162091	20.390053956072656	19.7240465957372	[]	19.970465934877577	20.173296987426895	20.313148380546117
17	20.819672166614033	0.19866937512168192	20.765613806258685	20.828310259964283	21.057413934626382	20.671297669329817	[]	20.715883503317897	20.796962033111484	20.91455287843958
18	20.556060968735544	0.22223548587426478	20.49559021942278	20.56572371052237	20.82200360480873	20.390086326317167	[]	20.439960920594203	20.530656964972575	20.662196406468468
19	20.932571093270614	0.12664904355606055	20.898109618617045	20.938077761121686	21.08412825961129	20.83798435508993	[]	20.866407222113548	20.918093689869366	20.99305626566961
20	21.676544793455815	0.10910287374332484	21.67180102855662	21.706231917910383	21.758027327107605	21.545984609819307	[]	21.624439337762688	21.6890164732335	21.733542211506013
21	20.768613766463115	0.18656593671880017	20.760501927502567	20.819378755435245	20.907948915899475	20.545355825377445	[]	20.679513426426034	20.789940341468906	20.866079363144834
22	23.782311455827198	0.19043293125981364	23.774031480938245	23.834128662254894	23.924534636550067	23.554425996692956	[]	23.691364312806755	23.80408007159657	23.88179724406657
23	29.168518362810666	0.05841397556721617	29.165978538171824	29.184412930048612	29.212144333113578	29.09861608512199	[]	29.1406209600077	29.17519573411022	29.199034935574915
24	30.371847888277284	0.08402093504668429	30.348985612793943	30.37550109693048	30.472393257365145	30.30909758269413	[]	30.32795375244463	30.362243354862212	30.411974687491313
25	23.516002457321186	0.13452039311455266	23.51015354521512	23.552605742964268	23.616467844553714	23.355025879661913	[]	23.45175807820661	23.531379644089693	23.58627847132116
26	35.40060582857952	0.1258317783540548	35.36636673352909	35.406076961949736	35.551184997813486	35.30662945781667	[]	35.33486891232087	35.386221847739414	35.460700690674926
27	22.547172636926586	0.018604940016370364	22.54636369891819	22.552235080754055	22.561067574786236	22.52490865522055	[]	22.538287271725505	22.549299389836122	22.556892211741875
28	29.349508973845833	0.10591749989261956	29.34490370818296	29.378329351287555	29.42861253870348	29.22276063292758	[]	29.298924792069208	29.361616529735258	29.404842291961828
29	28.408617019653303	0.0	28.4086170196533	28.4086170196533	28.4086170196533	28.4086170196533	[]	28.4086170196533	28.4086170196533	28.4086170196533
30	30.89602756500239	0.0	30.8960275650024	30.8960275650024	30.8960275650024	30.8960275650024	[]	30.8960275650024	30.8960275650024	30.8960275650024
31	28.81358306202558	0.31663450817479344	28.799815875020354	28.8997399864805	29.050058794354634	28.434675906651528	[]	28.66236444815626	28.849777930750427	28.978998956331054
32	25.968907601994452	0.08688023356552321	25.97492916684371	26.002346993765126	26.02564202829037	25.837526530741663	[]	25.929919019756518	25.98863808030442	26.01679925332204
33	23.747861234503976	0.05592477148381292	23.745429639818685	23.763078484006083	23.789628164356962	23.680937713754414	[]	23.72115262818848	23.754254061912384	23.777077399672294
34	27.20083974835319	0.28550678917190453	27.22062788169188	27.310728649256017	27.387281050617272	26.76909381176662	[]	27.072715036061677	27.265678265473948	27.35822182523358
35	27.155899123745943	0.22558916779416904	27.195570502548243	27.26676235487289	27.298434184421268	26.73575279555982	[26.71961002]	27.062351476982002	27.231166428710566	27.28794064477617
36	29.54486729343569	0.06288544841002164	29.527756028908044	29.547601536564066	29.620120450486684	29.497901842476743	[]	29.512014738142522	29.537678782736055	29.574900186552544
37	25.111779775198748	0.049435539689330454	25.120473348742657	25.13607430899959	25.143014863823023	25.019709040270662	[25.01617152]	25.091279773137266	25.128273828871123	25.140715312826597
38	27.47318413015339	0.03492535716490153	27.471665584603517	27.482687394267433	27.49926782981086	27.43138998772068	[]	27.45650444438631	27.477176489435475	27.491429801551213
39	23.18164651489261	0.1845380424370191	23.131433320276205	23.18967018153118	23.40247773484122	23.043825880687507	[]	23.085240328785286	23.160551750903693	23.269778371222305
40	28.40174897263701	0.07595119429026198	28.39844663423709	28.422415454463092	28.458472462425256	28.310860423749336	[]	28.365476127998253	28.41043104435009	28.441427322288515
41	26.804709972017417	0.03661158447820867	26.79474788185789	26.80630183429732	26.84852197282659	26.77736692813657	[]	26.785583383373258	26.800524858077605	26.822194967851466
42	23.197666885415963	0.14524806452605432	23.158144577520055	23.20398223391681	23.37148095031485	23.089189629964004	[]	23.121786531666103	23.181063405718433	23.267034596192158
43	25.689471102100836	0.01739552797850763	25.684737741866254	25.69022745518478	25.71028781617461	25.676479403117426	[]	25.68038334715566	25.687482598525516	25.69777887513417
44	22.924792502833906	0.013918896856782936	22.919435249222538	22.923827800776493	22.945840783952	22.915703201442444	[]	22.917119883553692	22.921631524999516	22.931038780410475
45	32.4746379852295	0.0	32.474637985229506	32.474637985229506	32.474637985229506	32.474637985229506	[]	32.474637985229506	32.474637985229506	32.474637985229506
46	31.78403705745785	0.07473393652200855	31.78078764511272	31.80437232085109	31.839851448854258	31.694605164956066	[]	31.748345551958337	31.792579982981906	31.823079488480346
47	28.068980147950334	0.21633845776604232	28.059573807429466	28.12784630334768	28.230550646144195	27.810094311082416	[]	27.965661018590154	28.093710055388573	28.181999476356197
48	27.501079976778563	0.1658396646218847	27.493869310799855	27.54620530294333	27.624935889915555	27.302624552787506	[]	27.421878109764023	27.520037306871593	27.587717774385908
49	32.87622833251954	0.0	32.876228332519545	32.876228332519545	32.876228332519545	32.876228332519545	[]	32.876228332519545	32.876228332519545	32.876228332519545
