	mean	iqr	cilo	cihi	whishi	whislo	fliers	q1	med	q3
0	18.136083136037474	3.4249627217414087	17.813819469684734	18.89467562376255	21.659462048650383	13.048917672620314	[38.72157769]	16.328860803361575	18.35424754672364	19.753823525102984
1	25.985941217576794	1.5002821775184358	25.751798405897066	26.225260266994223	28.790920606298634	23.59075043838837	[22.18946988 30.37361488]	25.146159189644948	25.988529336445644	26.646441367163384
2	18.200210623554835	3.4846954780312593	17.804394182100424	18.90410091134686	21.776044376114164	13.181643431164623	[38.72157769]	16.269128047071725	18.35424754672364	19.753823525102984
3	17.73778215232741	3.324242635885563	17.11409087690941	18.163161597544264	23.19631718290632	12.976457257874296	[39.83656623]	15.892564889092865	17.638626237226838	19.216807524978428
4	27.667706564366277	1.4472607063993976	27.635781315971496	28.092510561851125	29.86727294814279	25.313154796802888	[23.8512715]	26.976132170287528	27.86414593891131	28.423392876686925
5	27.022530341003115	2.091886376107798	26.74388553936651	27.40404696211567	29.844033319262365	23.40740175868205	[]	25.974537764409046	27.07396625074109	28.066424140516844
6	26.437224873929903	0.8610204491297644	26.392198919068477	26.66392136594976	27.637882262663496	24.853486214908216	[24.68511833]	26.068581083550672	26.52806014250912	26.929601532680437
7	24.10753283843399	1.6076086677891972	23.84926896916063	24.356601125186348	26.91240389293218	21.661650614419194	[]	23.29631856397833	24.10293504717349	24.903927231767526
8	25.84482069137805	0.9849385625492815	25.61399221982018	25.92482097715587	27.51574766027499	24.18720200242637	[28.4867726]	25.341908674536462	25.769406598488025	26.326847237085744
9	35.05458893718098	1.2206754352987375	34.887851101386815	35.27307414279365	36.66614882939909	32.76594226341128	[]	34.393765274316806	35.08046262209023	35.61444070961554
10	28.754421967439864	1.8827412586888812	28.447090875039706	29.041249889697653	32.15148607065441	25.30814913155666	[24.02656719 32.70847375]	27.854105592079506	28.74417038236868	29.736846850768387
11	26.368208416636737	2.008301063490137	26.013669560768108	26.64745297392323	30.196221569730884	23.075286547965067	[32.83866595]	25.26969393049798	26.33056126734567	27.277994993988116
12	17.320832340062427	9.460053117700925	13.102581446112312	16.088002737054488	35.03343255465946	4.756017450272441	[]	12.823207213806098	14.5952920915834	22.283260331507023
13	19.315840076080317	7.547071231092055	15.846933924381597	18.228652806636156	33.38544183752015	11.372126584410418	[]	15.23371778875665	17.037793365508875	22.780789019848704
14	21.704254718325767	0.950214207871916	21.520172594459932	21.8200429748734	23.533548423333684	19.916118969031213	[18.36316926 19.38005047 24.72270186]	21.237063932984988	21.670107784666666	22.187278140856904
15	25.522491799622863	1.20314295040707	25.367234413364432	25.746924520333426	27.19464170791292	23.15543788082816	[23.03828136]	24.948794394432966	25.55707946684893	26.151937344840036
16	20.381603796789253	1.475111265532064	20.145548017373095	20.611066394895516	23.23002313020302	18.03767154885379	[]	19.68220290524372	20.378307206134306	21.157314170775784
17	21.252773890044956	2.0285610750033456	20.984522668544745	21.624699774100296	23.598949456911686	18.33105623988671	[]	20.268183847050814	21.30461122132252	22.29674492205416
18	20.09842895884462	1.3500886119346767	19.916615287727968	20.34267878193675	22.65851228412021	18.009504499119256	[23.10507408]	19.347275093494595	20.12964703483236	20.69736370542927
19	20.799319955613935	1.4221136016146758	20.654624982222188	21.103418257648393	22.843262820839108	18.52256856496664	[]	20.11348043513241	20.87902161993529	21.535594036747085
20	25.4253474695981	1.7511191932319612	25.14223090489637	25.694852381478807	28.154052632755747	22.575317169210976	[21.73185549 21.78157437]	24.68946693132832	25.418541643187588	26.44058612456028
21	21.037156706256123	1.4690032394581394	20.761756574400643	21.225347369608272	22.933762269202504	18.74522101150016	[]	20.342198116874336	20.993551972004457	21.811201356332475
22	17.5447765566722	2.8276391472540467	15.053301803747082	15.945653464808938	18.191063157900352	10.169891641293232	"[ 7.93975694  4.94772011  8.96946368  7.30401406  8.12865132 29.33042097
 30.53001951 28.09046807 26.80723657 29.2721438  28.85496458 29.47479325
 30.10762916 27.17132582 29.27714847 29.55726403 28.77407308 26.73793162
 28.89523667 26.74049406 29.09139782 29.2776391  25.05496423 26.55832711
 25.40487218 27.30772033 27.91526142]"	14.319494281449707	15.49947763427801	17.147133428703754
23	28.71732268949609	1.6646768854507812	28.422218902277095	28.947560753377807	30.991649654971404	26.42052795483412	[25.36749602]	27.94608144522472	28.68488982782745	29.610758330675502
24	29.405720088947525	2.119415691384816	29.656149644245794	30.324998819899776	31.912171191079405	25.997373922112804	[25.09643668 24.99383901]	28.474550283888462	29.990574232072785	30.593965975273278
25	23.69696884826478	1.607510067955367	23.622258587285152	24.12955962699054	26.449432924770427	21.018059948610595	[26.95271304]	22.88476208607471	23.875909107137847	24.492272154030076
26	21.683281061069046	4.745803699548254	17.0439563893235	18.541646014422223	21.443793736407745	13.531728569589868	"[37.99193891 39.80601377 39.74041896 36.58714317 38.14096517 40.26160601
 38.85680365 38.32335571 36.54387338 38.04118547 37.32773716 39.71595899
 37.28780537 38.74315661 37.58439202 39.04068996 38.62296787 37.35698853
 38.00200394 36.61278256 38.33281066 37.32602359]"	15.937096655218866	17.792801201872862	20.68290035476712
27	22.000783810106743	1.1486433303300139	21.826511315832434	22.189002330565692	24.096933503503134	19.757572120150662	[19.59100597 24.37696921]	21.450463400089628	22.007756823199063	22.599106730419642
28	29.39248135309004	1.6185526873852325	29.3611709137547	29.871956803993537	32.07810918304069	26.46976810015038	[]	28.668869227729544	29.61656385887412	30.287421915114777
29	28.135408204670068	1.3231689701081173	27.85620145354903	28.273769596743012	30.361055987865733	26.292504527124056	[24.15041833 25.24619929 31.07611537]	27.497551572092807	28.06498552514602	28.820720542200924
30	29.980715688003436	2.1139405282022246	29.481497734971136	30.14861904836755	33.47931125368416	26.57780273089444	[]	28.87782902179626	29.815058391669343	30.991769549998484
31	28.935057063305017	0.5789542054868555	28.92653288073901	29.10924033386175	30.188323624727985	28.019657973821356	"[27.46433138 25.96938456 26.55536464 27.57638076 24.41167208 25.95621859
 27.71894676 24.91342186 26.75941883 30.47437337 30.54877706 30.64569528
 30.34871543 30.801549   30.41477601 30.5499376  30.45329166]"	28.755478036703366	29.01788660730038	29.33443224219022
32	25.92999892764637	1.3505169203205334	25.753836839370894	26.18003549994273	28.119661899523944	23.51659878720056	[]	25.298107011358255	25.96693616965681	26.648623931678788
33	23.641014131276705	1.1420353889937402	23.414705339990583	23.775111008213713	25.571172803431363	21.88733450217525	[21.37333371]	23.163037824724924	23.594908174102148	24.305073213718664
34	26.457491368470734	1.8328260313438633	26.127481273510252	26.705887947181953	29.368513235503197	23.516342281816478	[]	25.59704169901813	26.416684610346103	27.429867730361995
35	27.079497943660513	0.9203760856514513	26.944918508355396	27.23537251824214	28.749909527747747	25.46725465109104	[24.72427858 22.86883955 29.4880774  29.04640015]	26.62464387275016	27.09014551329877	27.54501995840161
36	29.07188828827618	1.7608739977491368	28.929327113817237	29.485027029889622	32.39634577346368	26.379349764481525	[25.15064337 32.68614945]	28.16004447362277	29.20717707185343	29.920918471371905
37	24.768487839814433	4.22277049542528	24.197930337216402	25.53056016359827	30.73759041075217	19.69022462055618	[]	22.503228999578646	24.864245250407336	26.725999495003926
38	24.121000324355453	4.140262721981536	21.958226287476087	23.26481815609572	31.221139324024573	19.67108822173107	[32.29072558 31.988666   32.57874673 32.59273521 32.72280624 32.57820722]	21.594045610582455	22.611522221785904	25.73430833256399
39	23.700541802181906	3.1393423426328617	22.473641080189033	23.464360619777644	29.81133277367363	18.039886551656515	[29.8454168  30.01395819 30.23999906 30.3768034 ]	21.966716978794523	22.96900084998334	25.106059321427384
40	26.00690121442155	4.696533701949516	24.81471808381276	26.29685899073772	34.16178010239316	19.42232647282575	[35.56412979 35.3509341 ]	23.418891371543168	25.55578853727524	28.115425073492684
41	22.87556050257287	5.147798085637689	20.6876928067103	22.312244573505144	32.082898261842175	17.332175565562288	[33.16198248]	19.817524111900248	21.49996869010772	24.965322197537937
42	23.04670414364578	1.4059888280748751	22.874722351548225	23.318426940723054	25.724748243510945	20.69573870887377	[]	22.323515722940563	23.09657464613564	23.729504551015438
43	25.651638283668714	1.1574944129943	25.522667413058787	25.887951669046092	27.49402766417132	23.696881130231144	[28.44738879]	25.061731376593475	25.70530954105244	26.219225789587774
44	23.390963478612544	1.5366422244491247	23.219481879354134	23.70441831220009	26.055092671651025	20.82975504991567	[26.37215914]	22.48852040510748	23.461950095777112	24.025162629556604
45	32.00789802177806	1.2528841198735066	31.777403898678934	32.172791417122674	33.96181676903578	29.87917727819303	[]	31.367682059230056	31.975097657900804	32.62056617910356
46	31.328718078453143	1.4582218008278716	31.125269868273833	31.585458236874196	33.770401838416326	29.120907313434333	[28.0799876  34.48679476 34.26467963]	30.609135042311564	31.355364052574014	32.067356843139436
47	27.79980549233708	1.3030779975246674	27.524605726430764	27.93583352284655	30.14261131517712	25.46627388414646	[30.92119191 30.67203923]	27.159248319443897	27.730219624638657	28.462326316968564
48	27.698215085240903	1.5980088182060506	27.147782345494655	27.65208496299889	30.52842705057217	25.436395631902798	[30.71375287 32.05254232 30.67117699 36.66104143]	26.675741041028058	27.399933654246773	28.27374985923411
49	32.49343385290578	0.8958055505507261	32.300796736775496	32.58349673115019	34.23135798108416	30.798624315898376	[30.56468227 34.76439606 34.34024043]	32.06517513747576	32.44214673396284	32.96098068802649
