	mean	iqr	cilo	cihi	whishi	whislo	fliers	q1	med	q3
0	18.128309992945812	3.4268096863678856	17.799010614139192	18.880449636775026	21.627007960695305	13.038771069426003	[38.72316442]	16.32720165530037	18.33973012545711	19.754011341668257
1	26.114120873844268	1.3249233755767449	25.84044004698427	26.25856184874378	28.62119044975599	23.95217352366996	[22.34304657 30.25351432]	25.416492453440057	26.049500947864026	26.741415829016802
2	18.192296294784192	3.4853376308763337	17.78977543493477	18.889684815979447	21.75019844253908	13.18282960687483	[38.72316442]	16.268673710791923	18.33973012545711	19.754011341668257
3	17.749787849786287	3.289072251540791	17.084478294232174	18.122449879066505	23.17801198009994	12.94507264043983	[40.05894547]	15.898220156246868	17.60346408664934	19.18729240778766
4	27.703683005418288	1.4080202874569459	27.533072111380488	27.977417792314053	30.06116857327066	25.227596832978072	[23.88734091]	27.114467284469058	27.75524495184727	28.522487571926003
5	27.02824892796776	1.9485591377201175	26.77690892783537	27.391838872100134	29.981456918755853	23.324962770930245	[]	26.0368098021088	27.08437389996775	27.985368939828916
6	26.474314762538864	0.7962653417448884	26.371063366721764	26.622350275464015	27.691713935001093	25.026732119788868	[24.7661573]	26.104518877012236	26.49670682109289	26.900784218757124
7	24.09422780465202	1.8031529216607964	23.787006025789275	24.356048403900047	26.5509620067552	21.502328175137023	[]	23.252346311691767	24.07152721484466	25.055499233352563
8	25.863245542101538	1.0023925363079265	25.639204707826266	25.95554162290931	27.48213438095307	24.26999118275859	[28.51534806]	25.34861105927207	25.797373165367787	26.351003595579996
9	35.19489612921327	1.0558858525371733	34.97386481620927	35.307083252273955	37.221628641087136	33.35524770714893	[33.09095951]	34.79271456191138	35.14047403424161	35.848600414448555
10	28.83169480193763	1.8141052414489778	28.531744931816576	29.104243663530653	32.108945169367324	26.05639303063245	[25.12056187 23.93534441 32.69044151 32.79747961]	27.91762831710248	28.817994297673614	29.731733558551458
11	26.423271149190775	2.0673249581551545	26.10313748120136	26.755547765645144	30.433024282058348	23.00501096249609	[32.78044815]	25.340623964819812	26.429342623423253	27.407948922974967
12	17.329592921431626	9.458650336999572	13.11537485227683	16.10035345105647	35.04327508699472	4.759804681748428	[]	12.827575353869374	14.60786415166665	22.286225690868946
13	19.308067687621413	7.595676920320962	15.859914177218531	18.25697213396659	33.34652097877214	11.370364508393529	[]	15.194850404961699	17.05844315559256	22.79052732528266
14	21.69158752365811	0.8653216637791061	21.536894075441733	21.809973907702496	23.31109843769032	20.021779740606	[18.43779587 19.3388433  23.69527018 24.49097814]	21.28347802456419	21.673433991572114	22.148799688343296
15	25.525102498548364	1.3291428598054011	25.362386426010165	25.781839820509834	27.214505747735988	23.044705629437917	[22.85675783]	24.852497366298202	25.57211312326	26.181640226103603
16	20.313697229590048	1.725231540184712	20.101668193905855	20.646119996426403	23.03341370933272	17.504714866453835	[]	19.49878905345357	20.37389409516613	21.224020593638283
17	21.25991332098851	1.8748822303298525	21.035893849211938	21.627572696972592	23.629260099278444	18.42557130472361	[]	20.32415080272451	21.331733273092265	22.199033033054363
18	20.068678826083964	1.4064726921557344	19.77409494612956	20.21795223403778	22.45801749479196	18.001046792565994	[22.97155229]	19.360042239533758	19.99602359008367	20.766514931689493
19	20.861290884000166	1.445523432558769	20.732236761478045	21.188417755223416	22.8630085782521	18.60640792826951	[]	20.160574986849333	20.96032725835073	21.606098419408102
20	25.438277965402133	1.7173056057758025	25.118752675376218	25.66070319666287	28.06508516852572	22.45575598288609	[21.81350058 21.8603988 ]	24.731744323516754	25.389727936019543	26.449049929292556
21	20.964137340262717	1.5128871687486516	20.624024181619344	21.101463949470574	22.99476474554396	18.32720619400065	[]	20.190264159552232	20.86274406554496	21.703151328300883
22	17.54659030077519	2.7186732375787734	15.159969929731075	16.01793392481643	18.187618599724438	11.313965189270778	"[ 7.98852212  4.96832293  9.0060587   7.32829421 10.18118376  8.06653583
 29.50947496 30.71512787 28.15321748 26.95407377 29.3980148  28.98656448
 29.59241484 30.21941782 27.25047532 29.34917443 29.62315286 28.82787008
 26.76888758 28.89139135 26.71282475 29.00887481 29.17923507 24.95268016
 26.39375765 25.2267138  27.07554803 27.6657119 ]"	14.338987365618358	15.588951927273753	17.05766060319713
23	28.73488226347503	1.6401119512573494	28.422104623879274	28.939694227012748	30.98468464879286	26.41042685184923	[25.38873907]	27.982360146626025	28.68089942544601	29.622472097883374
24	29.405765816099215	2.1223454233370056	29.640735968559557	30.310509714513305	31.89258797801065	26.0617605411317	[25.09574298 25.04919505]	28.463353199817902	29.97562284153643	30.585698623154908
25	23.730444341607548	1.6891467122444475	23.624192605782437	24.15725669067894	26.39663823971405	21.174121977016284	[27.17448648]	22.874939492416306	23.890724648230687	24.564086204660754
26	21.65626402034124	4.670009857426663	16.995721660474256	18.469492122839238	21.314212726019903	13.470560166260782	"[37.87560168 39.68914336 39.63728958 36.64939458 38.31762369 40.42599664
 38.89748242 38.30236853 36.44088084 37.87592775 37.12701852 39.41036189
 36.84252338 38.4431802  37.49761712 38.88616084 38.52477252 37.33203911
 38.07110882 36.74023476 38.64779764 37.67675285]"	15.91839431725299	17.732606891656747	20.588404174679653
27	22.021007586536484	1.135320633803751	21.8341985193824	22.192485132579282	24.1284477402241	19.778717207760742	[19.62044677 24.38935501]	21.471512845300083	22.01334182598084	22.606833479103834
28	29.41397011240984	1.6013117553663108	29.408184153469684	29.91352911807263	32.080776777187324	26.397015383412786	[]	28.741835183763392	29.660856635771157	30.343146939129703
29	28.135408204670068	1.3231689701081173	27.85620145354903	28.273769596743012	30.361055987865733	26.292504527124056	[24.15041833 25.24619929 31.07611537]	27.497551572092807	28.06498552514602	28.820720542200924
30	29.980715688003436	2.1139405282022246	29.481497734971136	30.14861904836755	33.47931125368416	26.57780273089444	[]	28.87782902179626	29.815058391669343	30.991769549998484
31	28.83990414682709	0.5458474140385334	28.927210748078444	29.09947029791408	30.028868797268714	27.99875480288945	"[27.08229234 25.6092716  26.20489312 27.27484231 24.15882365 25.67295181
 27.38621558 24.5619705  26.36802208 27.64676714 30.19817503 30.3890694
 30.41224923 30.50986053 30.22798957 30.45220895 30.17131927 30.09657857]"	28.719351900665625	29.013340522996263	29.26519931470416
32	25.90128453822732	1.270430061928078	25.7190289061431	26.11995360586137	27.951962459105925	23.518069553986155	[]	25.313530373489733	25.919491256002235	26.58396043541781
33	23.64758700851617	1.1275535434210724	23.408125256979737	23.76396071723819	25.585796329115624	21.836038499346643	[21.38643746]	23.169193310626987	23.586042987108964	24.29674685404806
34	26.430219174104145	1.6932485309272742	26.138887611963238	26.67324615648644	29.443351623412177	23.61113191136222	[]	25.546141912226858	26.40606688422484	27.239390443154132
35	27.059043768980025	0.9901906305976667	26.86134059519351	27.17382681000624	28.92541366902443	25.61314188105376	[24.8973225  22.74650181 29.40131247]	26.55317205391954	27.017583702599875	27.543362684517206
36	29.10624779234507	1.8287415466523562	28.922682754851582	29.49980043919005	32.40444295919333	26.39253154031076	[25.15747562 32.73654428]	28.15541203320405	29.211241597020816	29.984153579856407
37	24.895176012055614	4.563256126030417	24.262197932646185	25.702278852401566	31.512706077863744	20.07929272212209	[]	22.523039934662734	24.982238392523875	27.08629606069315
38	24.11310691126609	4.124921435083849	21.972677883999054	23.27442832055008	31.348495805837384	19.63617154434209	[32.30840319 32.00406533 32.52470302 32.49827849 32.70942555 32.67580129]	21.5903055386392	22.623553102274567	25.71522697372305
39	23.713191347117807	3.1921231940149077	22.49941912756337	23.50679534714199	29.76420526053754	18.07269835922253	[30.12932942 30.20980292 30.31214886]	21.988584628059662	23.00310723735268	25.18070782207457
40	26.004345222532347	4.673589860914902	24.8666852909188	26.341585537493497	34.2135990111172	19.41553882016681	[35.55947868 35.34399562]	23.441904815255768	25.604135414206148	28.11549467617067
41	22.862163477037168	5.135380370085173	20.664519000409936	22.285151961260024	32.03400190307549	17.316279580871466	[33.16676084]	19.803179804719953	21.47483548083498	24.938560174805126
42	23.065263051771613	1.3724477786582021	22.90963872141375	23.34275836335803	25.72586343723669	20.65926212152044	[]	22.34650356666857	23.12619854238589	23.718951345326772
43	25.648141706829414	1.1601123800809	25.513782519908148	25.87989295885469	27.4860729614097	23.695383693772516	[28.44321641]	25.059421381891266	25.69683773938142	26.219533761972166
44	23.372496631060173	1.610937720858253	23.16731993958085	23.67570268441272	26.177563430143262	20.807458054284645	[]	22.453977015554685	23.421511311996785	24.064914736412938
45	32.00789802177806	1.2528841198735066	31.777403898678934	32.172791417122674	33.96181676903578	29.87917727819303	[]	31.367682059230056	31.975097657900804	32.62056617910356
46	31.34458373198159	1.4152572648700001	31.1414510786964	31.588080618524003	33.70121497857035	29.16962153559216	[28.06191378 34.56410654 34.29888136]	30.636122461001406	31.3647658486102	32.051379725871406
47	27.767802262030646	1.207786991714574	27.52174565948408	27.902901341711793	29.87449990265222	25.38808383002095	[31.06326229 30.64992944]	27.092198020075728	27.712323500597936	28.2999850117903
48	27.689245566077247	1.5519804354246851	27.0985748387018	27.5883517329111	30.50062197004381	25.448666384011982	[30.78297965 32.10463085 30.66559814 36.72741456]	26.706014644118827	27.34346328580645	28.257995079543512
49	32.49343385290578	0.8958055505507261	32.300796736775496	32.58349673115019	34.23135798108416	30.798624315898376	[30.56468227 34.76439606 34.34024043]	32.06517513747576	32.44214673396284	32.96098068802649
