	mean	iqr	cilo	cihi	whishi	whislo	fliers	q1	med	q3
0	24.97472993413633	4.652314494124489	24.402860947461352	26.468781951222308	29.86378377725673	17.819018549810032	[15.83608454]	23.046610996875813	25.43582144934183	27.698925491000303
1	24.250655346988495	5.961249054135834	23.316929743577404	25.964100231544805	29.86474879683577	16.624453426597288	[]	21.46817911070196	24.640514987561104	27.429428164837795
2	25.057489313843043	5.097899166070128	23.98547263474752	26.249261330791317	31.854323099256234	16.958559218929825	[]	22.807433704926446	25.11736698276942	27.905332870996574
3	24.767261157000817	5.5077832518524446	23.233675029454485	25.679478106296155	33.386094219355094	14.629260329564934	[]	22.61191145652746	24.45657656787532	28.119694708379903
4	24.928223504438638	4.547455288116591	25.038052595472944	27.05740949949322	30.42497917684028	16.928994472582374	[12.33727571]	23.072339201833152	26.047731047483083	27.619794489949744
5	24.704239546073993	4.523421336402421	23.45940420170329	25.46808851561548	29.785331210899177	17.669686913720252	[15.23309049]	23.215372705494026	24.463746358659385	27.738794041896448
6	24.167683041809372	4.591497301344738	23.161057798820455	25.19997213394107	30.935910028706868	16.56897498446086	[15.48279005]	22.452692290413754	24.180514966380763	27.044189591758492
7	24.76387478291005	5.605002342251723	24.23681284476597	26.725787328243214	30.019755201104005	17.114946425903806	[13.38286567]	22.118370982188665	25.481300086504593	27.723373324440388
8	24.660973398013535	4.706316840921382	24.183303160505062	26.27320461155542	30.19319235010649	18.93235195743453	[14.52896324 14.54797508]	22.9374362108035	25.22825388603024	27.643753051724882
9	24.784236214831953	4.808226041041948	24.701632789867414	26.836788352021276	29.58382389460249	17.011874294164905	[]	22.766963473956913	25.769210570944345	27.57518951499886
10	24.654282692272385	5.597964778714342	23.79832201477758	26.284171376265423	29.63963720765659	15.760746786663828	[]	22.061140792608974	25.0412466955215	27.659105571323316
11	24.539970775591772	4.993020923765158	23.74757309331685	25.964789236303663	30.10983089707642	15.025631295544832	[]	22.47991936736144	24.856181164810256	27.472940291126598
12	24.43326513842364	5.162808405021124	23.385203801289023	25.677816292511835	30.34347172373208	16.86055190210223	[]	22.042351911489316	24.53151004690043	27.20516031651044
13	24.84134524579185	5.416913350301513	24.06974223145948	26.47519334188511	29.850525694769114	16.188514747997417	[]	22.527847445087033	25.272467786672294	27.944760795388547
14	24.77934608241935	4.644346210365708	24.050798496555103	26.113181079858457	29.44546983368959	15.910937545082628	[36.52252962]	22.31358117718667	25.08198978820678	26.957927387552377
15	25.227066195440848	5.219701543224502	24.640767871629638	26.958644503815545	30.381546490152427	17.832038660878133	[35.67027892]	22.50046042903476	25.79970618772259	27.720161972259262
16	24.440371211650543	4.444749246717802	23.009298845055955	24.983047790197514	29.45957685090036	17.24688248021296	[]	22.85043142782418	23.996173317626734	27.29518067454198
17	24.690567496443204	5.324491113927525	23.12819468081747	25.49260449027759	31.432975138614523	16.622049589679353	[14.25864904]	22.851089795539696	24.31039958554753	28.17558090946722
18	24.263430823326967	4.801397937798072	23.967330161263764	26.09945361500682	29.51157568265385	15.58143497359255	[]	22.079979818918552	25.03339188813529	26.881377756716624
19	24.477455236884225	4.418488115657542	24.151505568659193	26.113592915620227	30.76133688369929	15.901737487853504	[13.44363341]	22.3580563698033	25.13254924213971	26.776544485460843
20	24.513563449231995	5.41581850794886	23.000892660352513	25.405857591734353	30.05925646384536	15.82234933532093	[]	22.200487027431798	24.203375126043433	27.616305535380658
21	24.515516793778573	5.1268471566301095	23.195191278053677	25.471834707325435	29.74525664838691	15.373386098622902	[]	22.35344089230514	24.333512992689556	27.48028804893525
22	24.950720665644084	3.9199979802924148	24.62654816713884	26.367274459915105	29.476795474520863	19.163990266530597	[16.51415378]	23.47876470262919	25.496911313526972	27.398762682921603
23	24.69202320024277	5.197283385507621	24.178173390448595	26.486094946950903	29.9593080793502	15.941263650387048	[13.02485636]	22.356774927829726	25.33213416869975	27.554058313337347
24	24.419395546146397	6.520524415105523	23.738329420515818	26.633853435866733	29.737247379930487	15.97768886858373	[]	21.17914475383285	25.186091428191276	27.699669168938374
25	25.13697517016668	4.737341720294346	24.47214341237499	26.575821866251943	29.85131256085348	17.07734929946114	[15.62352661 35.85654187]	23.04876586453645	25.523982639313466	27.786107584830795
26	25.011109173147105	4.86873555283465	24.395231606034763	26.557257207068787	30.075103955853	17.576847967615223	[]	23.096275024049188	25.476244406551775	27.965010576883838
27	24.30350737092833	4.626489174553683	23.308839907585803	25.363292840949203	29.491232599870877	16.841815541715842	[14.07049615]	22.16376722550545	24.336066374267503	26.790256400059132
28	24.98631830741913	5.355915828991719	24.048465707825972	26.426830072372663	30.164733168827304	15.910862786494828	[36.6253365]	22.35995591711671	25.237647890099318	27.71587174610843
29	24.468170154586318	5.593983168823083	23.797312724161902	26.281393999783337	30.655989058122103	14.074590043502372	[]	21.724477013547855	25.03935336197262	27.318460182370938
30	24.221929663729824	4.428722080420002	23.94717812022389	25.91380999287879	29.92330622829965	19.03140036641227	[15.23510911 13.2884131 ]	22.034169836572815	24.93049405655134	26.462891916992817
31	24.788620184836923	4.652842366066842	24.22813947144025	26.29429488363047	30.42293380244185	15.960621609519638	[]	22.791812863726204	25.26121717753536	27.444655229793046
32	24.551862611113112	5.632367250463609	23.798501248959717	26.29962747727543	29.71595330550978	15.861636399279895	[]	22.114285754975604	25.049064363117573	27.746653005439214
33	25.469583563861026	3.306951245408765	24.66771332994878	26.13620821457697	30.58759538768122	19.87804839142595	[19.31535556 19.17787044 34.85775277]	24.344744087556077	25.401960772262875	27.65169533296484
34	24.778167758252284	4.571035477906918	23.449994780075485	25.47982277529607	31.29560132627531	16.34373444746306	[]	22.795589780352728	24.46490877768578	27.366625258259646
35	24.785216311910872	5.149309364498119	24.10475136022414	26.39136942622434	30.45367878815347	16.39410416193209	[]	21.898156549254143	25.24806039322424	27.047465913752262
36	25.091982728913973	5.531835345927675	24.16682952245463	26.623313245756723	36.26972961863978	15.67158310500598	[]	22.634338045082362	25.395071384105677	28.166173391010037
37	24.591335557912675	5.547070727349759	23.771239618549224	26.234488811924322	30.20544311779256	17.106545597712696	[]	21.80597119593749	25.002864215236773	27.35304192328725
38	24.334009866798883	4.767521304001772	23.89878119245799	26.01586128458289	29.938335959950205	16.23612831080745	[]	22.107896553531464	24.95732123852044	26.875417857533236
39	25.410867800763082	4.64976251173951	24.412442781255788	26.47723054391341	34.50197902709549	17.71681337283704	[35.84060698]	23.138683725500847	25.4448366625846	27.788446237240358
40	24.694942708151952	4.699859018505705	23.47807128259383	25.565105053270486	29.4458540474196	18.449264543496643	[]	22.742888469190444	24.52158816793216	27.44274748769615
41	24.86061925923459	5.552173790396822	23.626399430872205	26.091914706032135	30.17702383310812	17.192705728403094	[]	22.282950279636147	24.85915706845217	27.83512407003297
42	24.845111666776152	4.982355174098426	23.879756783589446	26.09223666115715	29.948818201248105	17.911879079648838	[]	22.20020043978503	24.985996722373297	27.182555613883455
43	24.57382511295129	4.230425505079467	24.075482394213655	25.95405808311588	30.645665534625657	19.268341517466084	[16.39370521]	23.02490774829259	25.014770238664767	27.255333253372058
44	25.11649550154084	4.4878666913728225	25.035115322988872	27.028011132482312	30.89936719018556	17.10839332371049	[]	23.07203911742952	26.031563227735592	27.55990580880234
45	24.863119672081726	6.310909542252116	23.735673725983283	26.53811551976998	31.483128425897554	17.069821336454535	[]	21.808861547381664	25.136894622876632	28.11977108963378
46	24.646467657852877	4.806217619514285	23.84029251223713	25.97455620858449	30.19366617580528	17.16531720957945	[14.74325756]	22.908516727305653	24.90742436041081	27.714734346819938
47	24.95648032919098	4.750466641518084	23.711076105944908	25.82058285248416	33.04608825001411	16.640059769096375	[]	22.89394328200089	24.765829479214535	27.644409923518975
48	24.514435987366046	5.282241541876854	23.503143447363026	25.84879178263441	30.3367175099477	16.469630053246917	[13.83906572]	22.23749450457047	24.67596761499872	27.519736046447324
49	24.598173293976675	4.801387171259044	24.289790127231203	26.421908799952003	30.117506350232343	17.055787183296044	[]	22.614384046270978	25.355849463591603	27.415771217530022
50	24.754757497475733	5.21787814771703	23.222286207154998	25.53935313675485	30.90343175437204	17.587469377577214	[]	22.29078722810302	24.380819671954924	27.50866537582005
51	25.164948248627507	5.400300436153923	23.742349093042776	26.140423022000014	30.75650980943988	18.2811097016903	[]	22.890998078877118	24.941386057521395	28.29129851503104
52	24.864668539406406	5.169329048182359	24.384212878037648	26.67972094600658	29.563004094357527	16.662637119091276	[]	22.401899192070285	25.531966912022114	27.571228240252644
53	24.52557467512288	4.596755207720491	23.417424952454077	25.458674129561665	31.06735560021657	16.15118000449186	[]	22.47805594936169	24.43804954100787	27.07481115708218
54	24.69775708381953	5.2383163127496	24.20836382532492	26.534506589001	31.149457147459856	15.281434448465966	[]	22.43969444610788	25.37143520716296	27.67801075885748
55	24.285529834635422	6.026489336812251	22.953108982830265	25.62925027026592	30.853099667010557	16.46210706414411	[]	21.238957229693	24.291179626548093	27.26544656650525
56	25.286026625659886	5.1467672729984955	23.833078376621685	26.11856759369536	34.29757202793153	16.476790163273836	[]	23.341160343514893	24.975822985158523	28.48792761651339
57	25.021182670760524	4.398657818356444	24.174530910210233	26.127812354699085	30.522760211084066	17.15413081582672	[]	23.092919013493237	25.15117163245466	27.49157683184968
58	25.237211892086922	5.323925240696823	23.8343999120901	26.198558438152624	31.52077386198172	15.523535432247456	[39.13793039]	22.618515705860357	25.01647917512136	27.94244094655718
59	24.88724591487323	4.307116793223976	24.317492434266374	26.23012389114888	30.97411854326789	17.197610131511563	[15.33332367]	23.23470883519373	25.273808162707628	27.541825628417705
60	24.68998236553794	4.736792555501896	24.111375405482523	26.214809995562074	30.220098434249135	17.151575336415323	[14.98815673]	22.528777942652948	25.1630927005223	27.265570498154844
61	25.075765664964905	5.373518164374008	24.697169974302952	27.083350885737744	30.12435991953663	17.30580794669489	[]	22.6714259750749	25.890260430020348	28.04494413944891
62	24.400260301596838	4.899731345489595	24.004090220815254	26.179879908338908	30.4024305377075	14.503316746617942	[]	21.691838342494712	25.09198506457708	26.591569687984308
63	24.06724556725484	5.715319222091697	22.8586293448082	25.39659147936075	29.735973619839104	15.893045728994418	[9.7657326 2.5904858]	22.382064571707883	24.127610412084476	28.09738379379958
64	23.01619424020961	4.819647340936257	23.675141389025576	25.815368728543525	29.995680360616127	16.144258685547776	[ 6.32290111  6.76593521  6.60125465 10.11367225  6.40007496]	22.10959371935358	24.74525505878455	26.929241060289836
65	25.19776319021131	4.552437968748791	24.46828890482402	26.489858433245786	30.215071683358847	18.569061080009693	[16.05327345]	23.548617976970323	25.479073669034904	28.101055945719114
66	24.973338297839344	4.8183615158209925	24.14746466483326	26.28712101691772	31.35318020486118	17.362455606378372	[14.49645279]	22.85913130149063	25.21729284087549	27.677492817311624
67	24.90923894058252	4.183982411186591	23.95760437934844	25.815556405926436	30.85338629308124	17.973905517986662	[]	22.94315938471155	24.886580392637438	27.12714179589814
68	24.723164151014547	5.045549050295339	23.777669809394023	26.018211752909583	29.75780164967806	15.45376831016086	[]	22.294069477276256	24.897940781151803	27.339618527571595
69	25.172603504634637	5.284765428300819	24.24190670151283	26.588675801509158	30.77222000324167	17.825369674114086	[]	22.725751811995544	25.415291251510993	28.010517240296362
70	24.818581358840525	4.717742443352929	24.049432278540195	26.144407417552486	30.24063605211897	16.899063040014916	[]	22.786938812195032	25.09691984804634	27.50468125554796
71	24.904967026619083	5.698241711892802	23.756637535488444	26.287016178629052	30.038254713968737	16.793255271977518	[]	22.220703372514947	25.02182685705875	27.91894508440775
72	24.751653826216987	5.172693658118547	23.968445921764626	26.265448088712766	30.30033598591692	16.643742253012668	[]	22.07661920525525	25.116947005238696	27.249312863373795
73	25.225297139400446	5.756844478051697	24.142236571394516	26.698638538117198	34.392926846541144	16.24392387786971	[]	22.326447207591332	25.420437554755857	28.08329168564303
74	24.409285014310413	4.681891077659682	23.33119954775763	25.410254419665723	30.82814202737854	15.661891581291767	[]	22.3877489990348	24.370726983711677	27.069640076694483
75	24.9024677844974	4.908381996151306	23.982855700943606	26.16248682285885	29.80151341820262	18.157966714744905	[]	22.70783593837671	25.072671261901228	27.616217934528017
76	24.99776664891509	5.568075174461015	24.31178598802607	26.784362480429284	31.08994014167355	15.737271444067172	[]	22.544852794110273	25.548074234227677	28.112927968571288
77	24.56097879357313	4.7074906489930655	23.901445858570476	25.99186855442334	30.98166018130307	16.104295990649913	[13.46669367]	22.548236311216918	24.94665720649691	27.255726960209984
78	24.933102690711262	5.507780121763108	24.1366536696438	26.582455356528428	30.44747169511069	15.74490093736449	[]	22.34532763935555	25.359554513086113	27.853107761118657
79	24.98415205609958	4.507880453690483	24.353323816215145	26.35510699821716	30.326229092199927	16.915186495668774	[15.7378256  15.85328504]	23.146090792371627	25.354215407216152	27.65397124606211
80	24.711303712157118	4.201108104035427	24.70746645871735	26.573023372842187	30.03144019661184	17.075355362025093	[]	22.573121218437826	25.640244915779768	26.774229322473253
81	25.284557856511647	4.307856758991306	24.426615274901284	26.339575323245686	30.13289778299588	18.30405070137892	[35.71469258]	23.43855194931455	25.383095299073485	27.746408708305857
82	25.37551819524534	5.000286056636046	24.64320624863371	26.863648568744203	35.12579497098722	16.782748833688217	[]	23.035857661648222	25.753427408688957	28.03614371828427
83	25.182552101163374	4.481197351287587	24.419140297653577	26.409074499590027	30.297421058294272	17.04390402061224	[]	23.493583743630452	25.414107398621802	27.97478109491804
84	24.97339757516748	4.948760045013376	24.353447628831663	26.5510091506243	30.321170308246614	16.600230620982842	[]	22.905536271656466	25.45222838972798	27.854296316669842
85	24.80402460226559	5.0067125209608	24.02457337164028	26.247869447154706	29.599422283097372	17.013687929813372	[]	22.898459917898478	25.136221409397493	27.905172438859278
86	24.83861956247289	4.76024391624868	24.304778704196938	26.418627177257687	33.6833433596229	16.75810371160193	[]	22.773772209885134	25.361702940727312	27.534016126133814
87	24.76087457927055	4.8961595536121045	23.937528426721208	26.111732013419108	30.63314523539789	17.128027565143725	[]	22.584202323044018	25.024630220070158	27.480361876656122
88	24.88180890243981	4.836858023008109	24.009363485918456	26.157233453557566	34.52427098331184	17.22477186046861	[]	22.673751007523936	25.08329846973801	27.510609030532045
89	24.533398446138513	4.945959973112373	23.667507772150532	25.86382588545055	30.383971599210597	15.920256594265696	[12.11070253]	22.358200709280503	24.76566682880054	27.304160682392876
90	25.059938524718774	4.467896490445973	24.02876476062343	26.01279254161274	30.23884030809194	16.959403738052746	[]	23.052180723462747	25.020778651118086	27.52007721390872
91	24.62216345849461	5.372997219915181	23.237858699819697	25.623808279064747	30.14400291378648	16.110758631117143	[]	22.212722531386632	24.43083348944222	27.585719751301813
92	25.064024406605334	4.113350477764385	23.837684390304435	25.664271384493187	30.950430798439918	18.10309317733748	[]	23.517181629445027	24.75097788739881	27.63053210720941
93	25.208687840839275	4.483141647384013	24.90622713205603	26.897024724063854	30.28519810817027	19.43662809578384	[15.90215333 15.50768202]	23.225311918443186	25.901625928059943	27.7084535658272
94	25.243265824943634	4.859085644472454	24.550429297782227	26.70816973099387	30.964036089453742	18.311647779975274	[15.19022939]	22.84762196516815	25.629299514388048	27.706707609640603
95	25.169720876085716	4.66845021052999	24.508918535538953	26.582004814879397	30.07226619803096	19.233618905879275	[15.31488584]	23.373112363878114	25.545461675209175	28.041562574408104
96	24.974283481235787	4.182798255446347	24.55647110368992	26.41389729044806	30.28544449766028	17.86347168869409	[14.98578306]	23.25138831645702	25.48518419706899	27.434186571903368
97	25.048859903289504	4.988169471432112	24.208436979104253	26.423498771329474	32.574749810063466	17.200047969041584	[]	22.65002483609826	25.315967875216863	27.638194307530373
98	25.236110275986142	4.959451491699554	24.533206657780788	26.735515856089584	30.60629626960966	17.748834507692493	[]	22.60762883349225	25.634361256935186	27.567080325191803
