	PC1	PC2	PC3	Labels
0	0.08589245581198557	-0.068228281222141	-0.19264541512696184	EXT
1	0.08632834015598949	-0.07227688691957956	-0.19665185790821968	EXT
2	0.0866974836396131	-0.06856222844282332	-0.18668495399026042	EXT
3	0.08580081700127536	-0.07060849000614976	-0.19502027156435964	EXT
4	0.08585085461471197	-0.08024043752830097	-0.1933628444240838	EXT
5	0.08604728576588717	-0.06925287273314282	-0.18720259787438503	EXT
6	0.08560015303117807	-0.059936333743485184	-0.16136087512524583	EXT
7	0.08605205831462362	-0.06927761513207058	-0.18874362009552423	EXT
8	0.0837264251112725	0.01276446661733596	0.04650960717629623	QC
9	0.0832702146840441	0.011875118854336841	0.04536261668987308	QC
10	0.08342916447917069	0.01442278032783283	0.04603766511051772	QC
11	0.0838724784216513	0.01304822194225259	0.043715135377445535	QC
12	0.08287236651937253	0.013169544136061317	0.0495068364533119	QC
13	0.08513184030127893	0.011117319640817346	0.05036059232709615	QC
14	0.08337949001638485	0.012181517786395262	0.041459027446590246	QC
15	0.08375991831765496	0.011331377305729577	0.047750144729072096	QC
16	0.08231400859461278	0.04897885123678513	0.11440064714672075	QC
17	0.08354044576790196	0.010737537029824386	0.04377539534384175	QC
18	0.08379078788284094	0.012752512409408652	0.043676708936111586	QC
19	0.08179450029967684	0.041041234431838075	0.10497414090741197	QC
20	0.08387841835536121	0.012078686500588897	0.042478340722345756	QC
21	0.08400246904441572	0.012768773101345348	0.0447706357334641	QC
22	0.08411351365144841	0.011907459042080515	0.04867326281301202	QC
23	0.08342335088198968	0.01151910876396025	0.041092895773017016	QC
24	0.08334372577310037	-0.1702950077313898	0.09406766729288078	control
25	0.08333703379214472	-0.1639138898009015	0.09451163166730805	control
26	0.0856542119640151	-0.17335706606361437	0.09025937980879208	control
27	0.08444926402371845	-0.1644509376731239	0.06511972562884029	control
28	0.08662236460689922	-0.15987074879109858	0.10001311011459106	control
29	0.08592057828694402	-0.1644535790851856	0.1161829649349631	control
30	0.08106159338602502	-0.1863961749375155	0.07781072651087531	control
31	0.0839573460260263	-0.17595861004215488	0.09307112667658682	control
32	0.08411058006500459	-0.16090155252284458	0.095167137808678	control
33	0.08361481855603282	-0.14692845558414208	0.10645900580111464	control
34	0.0750242544113541	-0.17459731978353354	0.10540538720090029	control
35	0.08243251978757062	-0.1531096930719478	0.09175657353374109	control
36	0.08171471930691739	-0.15191134302211076	0.09166145544554401	control
37	0.0825244958630368	-0.16591437446999135	0.11716437852321399	control
38	0.08544666666845994	-0.1619351897421948	0.13722398690744939	control
39	0.08455143717495792	-0.16759482785921134	0.1176682888963816	control
40	0.07984171447638447	-0.16300274283502358	0.10210806009775875	control
41	0.08238633658696104	-0.15671446392272803	0.06435785986090455	control
42	0.08418898276530239	-0.15935712893815615	0.08140451878857385	control
43	0.08373128976349822	-0.15922834691273877	0.08208332336647367	control
44	0.08497199903629267	-0.16675594829966134	0.11564143628532891	control
45	0.08545129878849925	-0.17404801350997304	0.07500493799725277	control
46	0.09403775525311438	0.033059799512518966	-0.020472318820691844	local
47	0.09378571397218416	0.02129885063322378	-0.02944330120694396	local
48	0.09268115419485864	0.013324893782400166	-0.04987310672241596	local
49	0.0920408953982711	0.032063764981405604	-0.029343250267825437	local
50	0.09318575827137303	0.05989564199020764	-0.018853294963681527	local
51	0.09638643832599537	0.10236159021748917	0.024665606554636593	local
52	0.09240574455036811	0.034755485167057724	-0.030246370859772605	local
53	0.09476852154543754	0.04019629188444925	-0.04016272771013501	local
54	0.09380894574005984	0.0629004961166932	-0.020089526858207134	local
55	0.0962702299735186	0.021315572408699277	-0.03411184017311505	local
56	0.0908663340440117	-0.046571437387404664	-0.14754107498654848	local
57	0.09131729225365239	-0.03707983319471003	-0.15305151882212242	local
58	0.08664603359042598	-0.0655765247531592	-0.17885834664832337	local
59	0.0859717820478583	0.09975826040294614	0.13449475787303167	local
60	0.09094881701548668	0.046831514242155925	-0.010734790648997449	local
61	0.08915149874874123	-0.04472333173803418	-0.14431777209324664	local
62	0.09522098986978775	0.039107469166429744	-0.002464395693242438	local
63	0.09074364262360839	0.17884537201236927	0.16780909880001832	local
64	0.0950144627342056	0.0368124197942334	-0.03664676746017107	local
65	0.09320094742531103	0.10578593772533453	0.037556894455536026	local
66	0.0937092664969288	0.0894901963960142	0.02147327753281591	local
67	0.09235981795491884	0.09104514701607364	0.056621227210982616	local
68	0.09313805909889347	0.03482300138714109	-0.04157801820805687	local
69	0.0947422631437992	0.057151756291413905	-0.022471578174078896	onset
70	0.09557251707922525	0.0913903912592622	0.046349820548592595	onset
71	0.09684997728102465	0.06836802470513692	0.010038347920919434	onset
72	0.09510383351494821	0.05776136786403339	-0.011686825973276097	onset
73	0.09648872993957111	0.0798155463069282	0.021858502540013362	onset
74	0.08944978030122924	-0.05587101145909793	-0.14032610810576995	onset
75	0.09913417872780195	0.10235485155681213	0.04479808726185905	onset
76	0.09493259140145317	0.0637088579825207	0.008328060474424154	onset
77	0.09477847809285261	0.09277258581903042	0.09622600033746473	onset
78	0.09203651696439663	0.13952246781525762	0.14361157486127396	onset
79	0.09203631260255173	0.0386690759822198	-0.022860777541841827	onset
80	0.0922827777633971	0.0519300330962929	-0.021800401129303936	onset
81	0.09487815052345241	0.06760835430482802	0.013090893086094442	onset
82	0.09594603457365837	0.05967576213006795	0.00911239529524412	onset
83	0.08973272668906696	-0.04720366216614412	-0.132280695306581	onset
84	0.09616441537083538	0.0440075768985602	-0.006763008298218029	onset
85	0.09452450499454947	0.05191633322086133	-0.027814760314458453	onset
86	0.09647751555223588	0.10708638621832224	0.06659374098088465	onset
87	0.09419477144275928	0.12040458362662217	0.11534507491423582	onset
88	0.09596302881165625	0.09370367955616785	0.021158128103281097	onset
89	0.09504307971540753	0.08717506220410491	0.06601860901559364	onset
90	0.09557391930314509	0.047242609734328	0.014429298566642561	onset
91	0.08981252133723866	-0.05810375514042967	-0.16762299919638507	onset
92	0.09200148523210662	0.031035270946528633	0.01347459242202583	onset
93	0.09069612838954072	0.06037016625698511	0.00449414412633422	onset
94	0.09680250489503694	0.0794955395729335	0.007843454982563966	onset
95	0.0950446300185371	0.07057301224999404	0.022762654850537918	onset
96	0.08615025983172242	-0.06498227501208345	-0.20103118376189297	post
97	0.09538722784867337	0.06245945251054034	0.025539515863579127	post
98	0.09558113286369704	0.029781427221938817	-0.05392138875133252	post
99	0.09439107418120334	0.09629025337562706	0.06296288293179252	post
100	0.09258304344580207	0.05250683638378721	-0.028545023757615848	post
101	0.09656548194209455	0.08335426762637217	0.044114991073866315	post
102	0.0905183876161296	-0.07818959031204552	-0.1658394858314187	post
103	0.09379901236117225	0.07616721633841544	0.02026698370977628	post
104	0.09519569083372051	0.05103297686779343	-0.00891651930262231	post
105	0.0934943370885394	0.029080733893665466	-0.04423872902715347	post
106	0.094092683374315	0.04480994225891223	-0.024517857631975067	post
107	0.09559450995072664	0.0500628017892534	0.0069014547374548875	post
108	0.09403349828931336	0.020825510162535674	-0.05320989234763263	post
109	0.0964915030875356	0.0645284564097207	-0.01428567785736803	post
110	0.09216599437592522	0.04841173544394785	-0.0017834843042482621	post
111	0.09840226274976552	0.1036198586800292	0.035244702989772114	post
112	0.09819772477921666	0.07006572445648358	-0.017017058954707155	post
113	0.09472851746216328	0.05354207897928841	-0.010759109510145509	post
114	0.09496100683934422	0.01688803299895709	-0.04946545658104366	post
115	0.09497367820242145	0.027361386212948487	-0.031764228538657076	post
116	0.08852596714781542	-0.06623528976655098	-0.175294434120467	post
117	0.09438525375428596	0.020377581611013846	-0.03794984748879393	post
118	0.09327868284039609	0.027707632949014294	-0.028947176281514973	post
119	0.09741215555186647	0.09216691895917353	0.05095702525784643	post
120	0.0907674869756217	-0.06004946938531174	-0.19497482062598379	post
121	0.09396884592489851	0.017892132616185472	-0.03921313048293368	post
122	0.09269465279443927	0.017422922191367894	-0.03342884066583675	post
