	mean	iqr	cilo	cihi	whishi	whislo	fliers	q1	med	q3
0	25.70716655731202	5.82337713241575	24.389080235621314	26.975026896336686	35.7703132629395	18.5008239746094	[]	22.56544876098635	25.682053565979	28.3888258934021
1	25.229369773864754	5.799231052398703	24.128880322873123	26.704104601443277	35.7703132629395	14.7508096694946	[]	22.301161766052275	25.4164924621582	28.100392818450977
2	26.222241134643554	5.776151657104524	25.139831626378687	27.704807198084218	35.7703132629395	17.7667903900146	[]	23.260385513305625	26.422319412231452	29.03653717041015
3	25.957809143066417	5.923761844635003	25.200337349264128	27.830861152322772	35.7703132629395	17.0790729522705	[]	22.874862670898423	26.51559925079345	28.798624515533426
4	25.927861709594726	5.758069992065373	24.992152028328935	27.549098200552866	35.7703132629395	19.3586463928223	[]	22.698825836181676	26.2706251144409	28.45689582824705
5	26.070794105529796	6.018816947937022	24.785372256029667	27.458106518994732	35.7703132629395	18.8333854675293	[]	22.84620809555055	26.1217393875122	28.865025043487574
6	24.95352094650269	6.614888191223148	24.29215909968467	27.229586582078024	35.7703132629395	14.0145177841187	[]	21.643905162811276	25.760872840881348	28.258793354034424
7	25.69298362731934	6.738760471343976	24.78169293955509	27.774127525532815	35.7703132629395	17.9453125	[]	22.15475273132325	26.277910232543952	28.893513202667226
8	25.943170890808105	5.8124151229858505	25.001238192138956	27.582317029418647	35.7703132629395	19.1818103790283	[]	22.86026191711425	26.2917776107788	28.6726770401001
9	25.564605865478512	5.2811722755432235	24.70956961527388	27.054743128866715	35.7703132629395	18.4691009521484	[]	22.973558425903278	25.8821563720703	28.2547307014465
10	25.053928756713866	5.855841159820628	24.216147443636114	26.816510179654887	35.7703132629395	18.5008239746094	[12.35976028]	21.937889575958224	25.5163288116455	27.79373073577885
11	25.294585151672365	5.0181274414063	24.42396923102737	26.652334251028336	32.8418197631836	18.3391742706299	[12.66624641 35.77031326]	22.832915306091273	25.538151741027853	27.851042747497573
12	25.94902618408204	5.763749122619625	24.92718754529967	27.486655609607627	35.7703132629395	17.2982444763184	[11.50337601]	23.200315952301025	26.20692157745365	28.96406507492065
13	25.374551582336426	6.1490340232849015	24.03846336236012	26.769022218084174	35.7703132629395	18.3138236999512	[]	22.166734218597398	25.403742790222147	28.3157682418823
14	25.49870307922363	5.995277404785153	24.085763838745176	26.74804506018052	35.7703132629395	18.2845230102539	[]	22.074968338012724	25.416904449462848	28.070245742797876
15	25.6481802368164	5.366861343383803	24.542809298468786	26.926034161614215	35.7703132629395	17.2982444763184	[]	23.176732540130622	25.7344217300415	28.543593883514426
16	25.421944923400883	5.7392554283141735	24.28763976505539	26.836231084554015	35.7703132629395	18.3138236999512	[]	22.20664310455325	25.5619354248047	27.945898532867425
17	25.934509849548345	5.176955699920651	25.217241337199198	27.5161361194658	35.7703132629395	18.868860244751	[]	23.15681505203245	26.366688728332498	28.3337707519531
18	25.11804141998291	5.2831087112427255	24.431407770047397	26.777441183199702	35.7703132629395	18.2654304504395	[12.35976028]	22.6297740936279	25.60442447662355	27.912882804870627
19	25.437383270263673	6.44642782211303	24.268676230006733	27.131296685642667	35.7703132629395	17.5176811218262	[]	22.04991722106932	25.6999864578247	28.49634504318235
20	25.265606689453126	5.559314250945999	24.32647753457325	26.795163624484353	35.7703132629395	14.683723449707	[]	22.2489824295044	25.5608205795288	27.8082966804504
21	25.1746053314209	4.757533550262448	24.148604994632493	26.26124989428351	32.6393814086914	18.8487396240234	[15.11213684 35.77031326]	22.5890941619873	25.204927444458	27.34662771224975
22	25.382675361633304	5.616135597229029	24.358055625658164	26.85197397639263	35.7703132629395	18.6354827880859	[]	22.189237117767348	25.605014801025398	27.805372714996377
23	25.76907039642334	5.0528140068054235	24.517687168718393	26.761455211042307	32.5649375915527	18.9287414550781	[35.77031326]	22.92883014678955	25.63957118988035	27.981644153594974
24	25.976600418090825	6.3626642227172745	24.83183863721097	27.657262772701124	35.7703132629395	16.7808609008789	[]	22.84493350982665	26.244550704956048	29.207597732543924
25	25.78416286468507	5.624992847442574	24.779115121747825	27.276966650102775	35.7703132629395	19.0409107208252	[]	22.93659973144535	26.0280408859253	28.561592578887925
26	25.856027374267587	5.175101757049596	25.121797258079482	27.41986877280432	35.7703132629395	19.7133483886719	[]	23.163061141967752	26.2708330154419	28.338162899017348
27	25.419930973052985	5.317020416259751	24.077191939101347	26.43828428770535	35.7703132629395	15.6350831985474	[]	22.575183391571024	25.25773811340335	27.892203807830775
28	25.746165218353273	6.148977756500276	24.31989942408596	27.05043329380954	35.7703132629395	14.7508096694946	[]	22.64281368255615	25.68516635894775	28.791791439056425
29	25.895392265319824	6.577030181884776	24.607893949250446	27.528510088225055	35.7703132629395	18.6800975799561	[]	22.490581035614024	26.06820201873775	29.0676112174988
30	25.26586296081543	5.4982018470764515	24.134850034447954	26.57639836337925	35.7703132629395	16.2002487182617	[]	22.249619960784898	25.355624198913603	27.74782180786135
31	26.04683742523194	6.192765235900875	24.89553775010933	27.64551602186327	35.7703132629395	17.8301792144775	[]	22.84477615356445	26.2705268859863	29.037541389465325
32	25.30945980072022	6.277994632721001	24.14117769727857	26.92900319566583	35.7703132629395	17.8301792144775	[]	21.9108257293701	25.5350904464722	28.1888203620911
33	25.650412216186513	5.347864151000952	24.667601271643363	27.042390183434733	35.7703132629395	17.8971900939941	[]	22.9283652305603	25.85499572753905	28.27622938156125
34	25.513280258178714	5.377310752868649	24.33267498348691	26.720540043368587	35.7703132629395	19.2382831573486	[13.12619591]	22.832910060882575	25.52660751342775	28.210220813751224
35	25.22900169372559	6.169331073760976	24.060344945537793	26.799916971576508	35.7703132629395	17.1501941680908	[]	21.655196189880375	25.43013095855715	27.82452726364135
36	26.089532585144042	5.537594795227026	25.484982647282184	27.944023929255916	35.7703132629395	19.1545467376709	[]	23.184618473053	26.71450328826905	28.722213268280026
37	25.324692707061768	5.303896427154523	24.496347524285753	26.85161199414685	35.7703132629395	18.3303031921387	[10.42334843]	22.73599433898925	25.6739797592163	28.039890766143774
38	26.033704071044923	4.9400777816772	25.396377795012082	27.590083844392215	33.0684814453125	19.1765155792236	[35.77031326]	23.056519985199	26.49323081970215	27.9965977668762
39	25.71411594390869	5.5988831520080495	24.842448422537615	27.328705599679182	35.7703132629395	18.8926391601563	[]	22.8219351768494	26.0855770111084	28.42081832885745
40	25.582933197021486	4.506307125091549	24.564678570378593	26.565763095270807	32.8418197631836	18.9829864501953	[35.77031326]	23.353094100952177	25.5652208328247	27.859401226043726
41	26.263595695495614	5.562115192413273	25.437868500415014	27.90779838496099	35.7703132629395	18.2026882171631	[]	23.344207286834752	26.672833442688002	28.906322479248026
42	26.399578056335457	5.883699893951427	25.360021626305098	27.972755397010303	35.7703132629395	19.956521987915	[]	23.268698215484623	26.6663885116577	29.15239810943605
43	25.4839115524292	5.822239398956249	24.108890610467256	26.694332045782744	35.7703132629395	18.7281093597412	[]	22.311364173889174	25.401611328125	28.133603572845423
44	25.385256996154784	5.280781745910655	23.806272116486287	26.15127221029601	32.5649375915527	18.9634819030762	[35.77031326]	22.296916961669922	24.97877216339115	27.577698707580577
45	26.226759490966796	6.362979888916026	24.99849943009942	27.824063741287283	35.7703132629395	18.3391742706299	[]	22.768770217895526	26.411281585693352	29.131750106811552
46	25.177547435760506	5.515259265899697	24.35857797030294	26.80770086880846	35.7703132629395	15.6350831985474	[]	22.3150143623352	25.5831394195557	27.8302736282349
47	25.759135284423834	5.914973735809273	24.419025380024344	27.045646708598653	35.7703132629395	18.9768142700195	[]	22.502529144287152	25.7323360443115	28.417502880096425
48	25.449724960327153	5.726784706115726	24.184196042609692	26.72724957506611	35.7703132629395	18.8333854675293	[]	22.372488498687723	25.4557228088379	28.09927320480345
49	25.938408393859874	4.8971729278564275	25.087519854787736	27.262173443552065	32.4163284301758	17.1154346466064	[35.77031326]	23.426694869995124	26.1748466491699	28.323867797851552
50	25.82562355041505	5.320216655731176	24.565098262848572	26.92760994332823	35.7703132629395	18.2026882171631	[]	22.9077548980713	25.7463541030884	28.227971553802476
51	25.387206420898448	5.7030591964722	23.974701166115988	26.50721907619361	35.7703132629395	18.3736591339111	[]	22.4089903831482	25.2409601211548	28.1120495796204
52	25.585395393371577	5.979927539825404	24.358430491882174	27.013895405334623	35.7703132629395	19.2659130096436	[]	22.356420040130622	25.6861629486084	28.336347579956026
53	25.43312324523926	5.260653495788578	24.025440014146724	26.361501895643272	33.0684814453125	18.3917579650879	[35.77031326]	22.5372180938721	25.193470954894998	27.797871589660677
54	26.080499725341795	5.460472106933604	25.43580687723053	27.860600822354375	35.7703132629395	17.7667903900146	[]	23.191145420074474	26.648203849792452	28.651617527008078
55	25.431414680480966	6.141187191009525	24.236745485375575	26.96381985275922	35.7703132629395	18.6119766235352	[]	22.116390705108675	25.600282669067397	28.2575778961182
56	25.429497299194335	4.9568281173706765	24.77657840824325	26.97772266292375	33.0684814453125	19.4297847747803	[14.86922646 35.77031326]	22.80546569824215	25.8771505355835	27.762293815612825
57	26.150720558166512	5.676257133483851	25.144551490841337	27.665167594851965	35.7703132629395	19.627799987793	[]	23.180071353912375	26.40485954284665	28.856328487396226
58	25.38534523010254	5.8063669204711985	24.609647238272753	27.188040292244846	35.7703132629395	18.9414768218994	[]	22.350307941436775	25.8988437652588	28.156674861907973
59	25.3396431350708	5.420469760894775	23.91159043847167	26.31862081946293	35.7703132629395	18.776927947998	[]	22.456046104431174	25.1151056289673	27.87651586532595
60	25.272725753784183	5.562597751617478	24.389318516480728	26.859462687742877	35.7703132629395	18.686393737793	[]	22.61725425720215	25.624390602111802	28.179852008819626
61	25.99763671875	6.123972892761252	24.95571938914554	27.67514952259766	35.7703132629395	19.7087078094482	[]	22.82115364074705	26.3154344558716	28.9451265335083
62	25.29884906768799	5.1622638702393004	24.388096388930805	26.680467072372892	32.733470916748	16.5209083557129	[35.77031326]	22.415434837341277	25.53428173065185	27.577698707580577
63	25.668866271972657	5.3011231422424245	24.4785402005316	26.832573157012302	35.7703132629395	19.577320098877	[]	22.808934211730975	25.65555667877195	28.1100573539734
64	25.28016017913819	4.981252193450953	24.263785498162388	26.475775582770215	32.3445205688477	17.7938461303711	[35.77031326]	22.872767925262448	25.3697805404663	27.8540201187134
65	25.38030071258545	5.369386196136425	24.32286927650208	26.707215333483315	35.7703132629395	17.5176811218262	[]	22.729887008667024	25.515042304992697	28.09927320480345
66	25.204216957092285	5.2237424850463725	24.293517395576202	26.613188460747097	32.5649375915527	18.3032722473145	[35.77031326]	22.3485493659973	25.45335292816165	27.572291851043673
67	25.39641864776612	4.411010265350374	24.140236014565804	26.099002724447796	32.6393814086914	17.9677906036377	[35.77031326]	22.995925426483126	25.1196193695068	27.4069356918335
68	25.79935649871826	6.367540359496999	23.913351806300085	26.74094125400272	35.7703132629395	20.2660808563232	[]	22.39438056945805	25.327146530151403	28.76192092895505
69	25.758953590393077	4.922187805175774	24.814997036209704	27.000758807906593	32.4163284301758	18.7915573120117	[35.77031326]	22.7210693359375	25.907877922058148	27.643257141113274
70	25.44526420593262	4.723838806152401	24.039330804661716	26.137013113184985	32.8418197631836	19.6989612579346	[35.77031326]	22.868128776550275	25.08817195892335	27.591967582702676
71	26.166297454833988	6.003331661224326	24.950483070083123	27.616340889267477	35.7703132629395	19.9139499664307	[]	23.054498672485373	26.2834119796753	29.0578303337097
72	26.083467025756846	6.106841564178474	24.861632230347738	27.573454973631762	35.7703132629395	19.1006660461426	[]	22.78667163848875	26.21754360198975	28.893513202667226
73	25.684172782897953	5.367752552032449	24.649565042960255	27.033185658944042	35.7703132629395	19.6862659454346	[]	22.604040145874052	25.84137535095215	27.9717926979065
74	25.332268714904796	5.359519958496072	23.80329322973608	26.183258055054015	35.7703132629395	19.1600971221924	[]	22.669111251831076	24.993275642395048	28.02863121032715
75	25.526296348571787	5.460250377655051	24.477983717374283	26.902679200716516	35.7703132629395	18.3234748840332	[]	22.4230408668518	25.6903314590454	27.88329124450685
76	26.004353294372567	5.6557359695435	24.990813158519526	27.50231657170507	35.7703132629395	18.9414768218994	[]	23.129693984985327	26.246564865112298	28.785429954528826
77	25.592580261230477	4.694788455963149	24.59177088857512	26.67655300974038	33.7096862792969	17.5625553131104	[35.77031326]	23.415067672729474	25.63416194915775	28.109856128692623
78	25.847469520568858	5.389627933502226	24.570846896427316	26.964181561214286	35.7703132629395	19.5549259185791	[]	23.1093711853027	25.7675142288208	28.498999118804925
79	25.38279224395752	5.750579833984425	23.97134460533914	26.52496467505636	35.7703132629395	19.0471706390381	[]	22.19966840744015	25.24815464019775	27.950248241424575
80	25.319213638305655	5.409813880920424	24.01201698770848	26.414315486046416	35.7703132629395	18.7414779663086	[]	22.531173706054673	25.21316623687745	27.940987586975098
81	25.837795028686525	5.238354682922374	24.62207730244812	26.94823710490048	35.7703132629395	18.4691009521484	[]	23.262243747711175	25.7851572036743	28.50059843063355
82	25.795053443908696	5.424863815307596	24.80542931112255	27.214410929355953	35.7703132629395	19.3688831329346	[]	22.923719882965102	26.00992012023925	28.348583698272698
83	25.657127609252928	4.513131141662598	24.744167947774354	26.748282766336946	32.5649375915527	18.9414768218994	[35.77031326]	23.28113794326785	25.74622535705565	27.79426908493045
84	25.885101032257083	6.320394992828302	24.78547956782269	27.592133499804305	35.7703132629395	13.5867586135864	[]	22.205082893371625	26.188806533813498	28.525477886199926
85	25.03342658996582	5.875226974487298	23.54186885447169	26.150840114644506	35.7703132629395	17.7805633544922	[]	22.179528236389174	24.8463544845581	28.054755210876472
86	25.629205856323253	5.0100607872009775	25.20995618256025	27.43473909942225	32.733470916748	17.0207614898682	[35.77031326]	22.9215326309204	26.32234764099125	27.931593418121377
87	25.28593814849853	6.038530349731474	24.16796864032419	26.849456896785213	35.7703132629395	18.5422611236572	[]	22.203423023223877	25.5087127685547	28.24195337295535
88	26.134278297424316	5.848774433135951	25.254760051241156	27.851984714994146	35.7703132629395	19.2501335144043	[]	22.838271141052275	26.55337238311765	28.687045574188225
89	25.5371558380127	5.237553596496625	24.202897869087675	26.528701938651626	33.0684814453125	19.2764091491699	[35.77031326]	22.6078472137451	25.36579990386965	27.845400810241724
90	25.46928005218506	4.982700347900373	24.45496271862403	26.66759587512597	33.2126770019531	15.3052997589111	[35.77031326]	22.31232166290285	25.561279296875	27.295022010803223
91	25.617162704467784	5.0011320114135245	24.324875625874796	26.545693603251202	32.4163284301758	20.4843330383301	[35.77031326]	22.884614467620878	25.435284614563	27.885746479034403
92	26.295899505615242	5.4632940292358505	25.182019844821664	27.608066901394135	35.7703132629395	18.8263454437256	[]	23.635550498962424	26.3950433731079	29.098844528198274
93	25.42333995819091	5.777559280395526	24.18217408077662	26.747774725986083	35.7703132629395	19.2119102478027	[]	21.978214740753174	25.46497440338135	27.7557740211487
94	26.154910888671875	5.825239658355773	24.712348527498353	27.299122267179346	35.7703132629395	19.34840965271	[]	23.023271560668903	26.00573539733885	28.848511219024676
95	25.08702735900879	5.420840263366724	23.53695544849562	25.944150355947784	35.7703132629395	18.0447082519531	[]	22.281301498413075	24.7405529022217	27.7021417617798
96	26.228929443359384	5.4292030334472265	25.09322223842752	27.50413074313988	35.7703132629395	20.4012432098389	[]	23.386849880218524	26.2986764907837	28.81605291366575
97	25.727645492553712	5.554474353790326	24.45319682817824	26.91973369855516	35.7703132629395	20.1027050018311	[]	22.541713714599574	25.6864652633667	28.0961880683899
98	25.49665630340576	4.200529575347922	24.550351703531206	26.415651714437594	32.8418197631836	19.2177562713623	[35.77031326]	22.973306179046602	25.4830017089844	27.173835754394524
