	mean	iqr	cilo	cihi	whishi	whislo	fliers	q1	med	q3
0	26.210084975942163	1.5179389129854215	25.805034856701763	26.284068863466157	28.96329539148486	23.97143449474634	[30.82126432]	25.402651092937788	26.04455186008396	26.92059000592321
1	24.088674220580995	1.80315260623032	23.781452178525303	24.35049445709193	26.54541332460516	21.49678974774821	[]	23.246789393666347	24.065973317808616	25.049941999896667
2	25.89637234175446	0.9948378402587394	25.653042470394585	25.96699526034099	27.497302795199477	24.30248240643392	[28.53745806]	25.382018794767397	25.810018865367788	26.376856635026137
3	28.83297674726778	1.8144887707329929	28.53345839477612	29.106078161380374	32.112382890947906	26.056265848160727	[25.11920647 23.93265659 32.69305328 32.79897183]	27.918894750095603	28.819768278078246	29.733383520828596
4	26.35969395014501	2.0551716622524836	26.101867360856374	26.75044228540402	30.437259456559296	23.009006309482032	[]	25.344755298952364	26.426154823130197	27.399926961204848
5	17.45548462070868	9.446973729622133	13.187462065877416	16.168755739019023	35.04904914794451	4.460807676534932	[]	12.854660240907211	14.67810890244822	22.301633970529345
6	19.30501026935109	7.597608336035297	15.8545376671877	18.252205143726343	33.342958597107014	11.371444827248752	[]	15.19036335469314	17.05337140545702	22.787971690728437
7	25.29055711118593	1.9018447185865526	25.081808367836107	25.681996088168287	28.39399024022165	22.045294454368825	[]	24.300719238126252	25.381902228002197	26.202563956712805
8	21.69184609254928	0.8653232231325632	21.537150810273964	21.810231134638407	23.311353501851883	20.02204059627083	[18.43805582 19.33910043 23.69552627 24.49123291]	21.28373510996623	21.673690972456185	22.149058333098793
9	20.319748375107302	1.7288879217591742	20.101091250031207	20.64669694030105	23.03341370933272	17.504714866453835	[]	19.49878905345357	20.37389409516613	21.227676975212745
10	21.185186467202257	1.8691285097976227	20.988985732049894	21.578848809902563	23.48769392374398	18.23345618438792	[]	20.256932423360926	21.28391727097623	22.12606093315855
11	20.025214639859303	1.4874551635719833	19.75830699421876	20.227720882216982	22.971552286123742	17.97620712754223	[]	19.291962003161007	19.99301393821787	20.77941716673299
12	20.934055824510025	1.403265285377703	20.83855881321178	21.281403901678342	22.852341654459867	18.661352990821776	[]	20.218617557547017	21.05998135744506	21.62188284292472
13	25.438534355975833	1.7173040538344324	25.119012416147193	25.660962447669277	28.065336195816464	22.45601299656607	[21.8137615 21.8606559]	24.732000042072663	25.389987431908235	26.449304095907095
14	20.993189111443893	1.4762439909792917	20.621090322420482	21.086966167562256	22.98316809031412	18.342545094744143	[]	20.23934999824688	20.85402824499137	21.71559398922617
15	21.650397417413764	4.689071407730683	16.992127520526672	18.47191346265778	21.313588093684448	13.47003349911462	"[37.87370943 39.69149666 39.63403989 36.64874722 38.32520629 40.42632651
 38.89457519 38.30780365 36.44025394 37.88626404 37.12642477 39.41451759
 36.84185683 38.43341385 37.49696305 38.89070428 38.5306701  37.33136944
 38.07366574 36.73955837 38.64300171 37.67607103]"	15.898730629074151	17.732020491592227	20.587802036804835
16	21.994367650662827	1.176702576205912	21.82766882391606	22.199014828045623	24.38935500801548	19.778717207760742	[19.62044677 19.51085931]	21.458738554301867	22.01334182598084	22.63544113050778
17	28.15528120376398	1.3261703468662738	27.878958333524945	28.297473656820817	30.39077684151472	26.31237306316791	[24.16823795 25.26314846 31.1061837 ]	27.512996072905718	28.08821599517288	28.839166419771992
18	30.01173820913666	2.1474154853182306	29.514907813908387	30.19259321700325	33.520613780392544	26.590247813952708	[]	28.90422879373908	29.85375051545582	31.05164427905731
19	25.931803585256212	1.2562226228297817	25.740381915206477	26.13682300466948	27.975761840095977	23.56940640568449	[]	25.35457490015134	25.93860245993798	26.610797522981123
20	23.64692879588157	1.1275688859967659	23.407458811115767	23.763299113213016	25.58514508051627	21.83533375826852	[21.38579733]	23.168527718127272	23.58537896216439	24.29609660412404
21	26.615337633369357	1.8595835370576133	26.40826041892147	26.995111276389654	29.423847287035933	23.597931921449906	[]	25.676669136491306	26.70168584765556	27.53625267354892
22	27.129101952776164	1.0012149149792187	26.967382668041626	27.2833479471789	28.94311406196209	25.39842728306021	[29.41815465]	26.60199643809104	27.125365307610263	27.603211353070257
23	29.14329337259215	1.8291078095781756	28.96266499533438	29.539898265613353	32.44670216926213	26.4211669716224	[25.18478283 32.77821182]	28.189805710671827	29.251281630473866	30.018913520250003
24	24.894587314272833	4.563394723970244	24.261430621757953	25.701555280510917	31.512032277056417	20.07848413288402	[]	22.522311363956856	24.981492951134435	27.0857060879271
25	24.113106482244163	4.124959322294931	21.97267039421034	23.274432787278442	31.348588041635107	19.636141779292107	[32.3084466  32.00408363 32.52473204 32.4983411  32.70945335 32.67595736]	21.590296637122545	22.62355159074439	25.715255959417476
26	23.713438409892984	3.192459828555684	22.49967645619216	23.507158911530002	29.764445840506657	18.07307543456632	[30.12956122 30.20949666 30.3117778 ]	21.988648183310055	23.00341768386108	25.18110801186574
27	26.004343803186856	4.673589844968042	24.866683390965584	26.341583632507742	34.213597121879026	19.415536969788047	[35.5594768  35.34399374]	23.441902923907094	25.604133511736663	28.115492768875136
28	22.862418353891783	5.135385139720995	20.66477289130266	22.28540735736336	32.03425717337541	17.316527140484368	[33.1670151]	19.803432198445844	21.47509012433301	24.93881733816684
29	24.641973157347444	5.576552809109504	21.627721210807298	23.387580196718037	35.31302922632474	19.001993871640494	[]	21.433688107459606	22.507650703762668	27.01024091656911
30	23.08448467524684	1.493007346340569	22.908442372196227	23.3796084284373	25.740771885275016	20.65354411804401	[]	22.287732729999433	23.144025400316764	23.780740076340003
31	25.6609272411455	1.1890898332638535	25.517308020874772	25.89256321880029	27.55238869175047	23.685055264806987	[28.49834648]	25.068543584646406	25.70493561983753	26.25763341791026
32	23.366634773606933	1.560188056383435	23.138774351783546	23.63114142239602	26.135855755995276	20.80887877573403	[]	22.502510242617067	23.384957887089783	24.062698299000502
33	32.02669484255225	1.2519793458680049	31.789679473604668	32.18478146177221	33.984993966546966	29.898721836382308	[]	31.386971323529412	31.98723046768844	32.63895066939742
34	31.340794573879958	1.4145760409437145	31.13734876649892	31.58376332440326	33.6974652262036	29.165790394424423	[28.05940247 34.55973251 34.29492049]	30.632764734982565	31.36055604545109	32.04734077592628
35	28.24046496955479	1.1497686822923754	28.041368154694798	28.404214310109243	30.44585016822815	25.941656308526408	[31.31257131 30.86171034]	27.62662188855533	28.22279123240202	28.776390570847706
36	32.49694899500701	0.8989479241266878	32.31249412791174	32.596185798428316	34.23449658444094	30.80801544067688	[30.56121955 34.76075499 34.3359593 ]	32.06852964654139	32.45433996317003	32.96747757066808
37	24.363214857740147	1.176345094654863	24.33709445406947	24.70832764350123	26.076066875563544	22.178418648229076	[21.82285436 21.95741973]	23.83288062033931	24.52271104878535	25.009225714994173
38	27.93392773103727	1.6515530513915664	27.623922023677423	28.145122230631777	30.560384804848848	24.83706330676076	[]	27.02842156650877	27.8845221271546	28.679974617900335
39	25.041934721056528	1.7317631476673334	24.796906749433173	25.343419808883265	28.35267463155332	22.502766548533355	[19.3518529]	24.139680044749596	25.07016327915822	25.87144319241693
40	25.44991620255552	2.722912610027098	24.964576770951997	25.823878635139142	29.941875179115662	21.88113063152672	[19.69542798 18.38876457]	24.011518263548837	25.39422770304557	26.734430873575935
41	27.629438381275765	1.6808348592800755	27.384287080165233	27.914728094926897	30.67602075555611	24.468372217856917	"[22.02614326 23.46314044 23.81796668 23.38017739 32.17906846 32.55757656
 31.79518124]"	26.781285636148603	27.649507587546065	28.462120495428678
42	27.58707963130221	2.20362827551844	27.117605291490317	27.813030432258845	31.28389350875327	23.535497960354864	[]	26.432143864511485	27.46531786187458	28.635772140029925
43	26.59548216672459	1.834035620159085	26.22771165572253	26.806500053699303	30.209027199337644	23.74377835784547	[22.7123874  22.55495765 30.62211676]	25.75234202451191	26.517105854710916	27.586377644670996
44	18.939026281629605	2.5071070910149302	17.50255701949194	18.293754573571544	21.796622688980232	15.09926656808404	[37.58630135 30.80639175 35.04381148 40.38249495 24.23752957 30.30143739]	16.934626156018723	17.898155796531743	19.441733247033653
45	18.906260916308042	3.1789482990392735	16.88696492630261	17.890183387835172	24.23751055572181	13.891025108786067	[37.58627187 30.80641048 35.04313519 40.39881421 30.30141362]	16.76242703247472	17.38857415706889	19.941375331513992
46	31.033211796538193	1.872215370443648	30.93129026572843	31.522127500848526	34.335328034549875	27.55675320828452	[25.30573838 26.25536161 26.73856829 27.01187652]	30.122541744222307	31.226708883288477	31.994757114665955
47	29.810051299784135	4.066834133039627	29.17860433525095	30.462023472167754	35.846048979965744	24.366153089491338	[]	27.838815355660238	29.82031390370935	31.905649488699865
48	32.19603517630447	1.4021077325008875	31.904045221864635	32.34652500762509	34.84877402237361	29.55918194106302	[28.84761587 29.22606282 36.22909089 35.00835897 36.12279256]	31.426373077108046	32.12528511474486	32.828480809608934
49	30.55236288636609	2.3068259847733614	29.93035669162906	30.658349158875875	35.129068176441386	26.566401815077068	[35.90274263]	29.503676677822387	30.29435292525247	31.81050266259575
