	mean	iqr	cilo	cihi	whishi	whislo	fliers	q1	med	q3
0	25.833708385374198	0.8214058346128326	25.55376566446651	26.198569244637582	27.37785390446657	24.55279141004408	[]	25.491860039560187	25.876167454552046	26.31326587417302
1	23.995298411811426	0.8929394044671888	23.583690993335175	24.284648425841915	25.058347036416247	23.101411600031344	[]	23.604999752502746	23.934169709588545	24.497939156969935
2	25.73269002104849	0.40554883714370504	25.509191025122014	25.827546862279824	26.09857162828479	25.40777340719534	[]	25.562494156421067	25.66836894370092	25.968042993564772
3	29.122806147502672	0.6559689493127863	28.954212290376372	29.469147915586912	29.76927199789403	28.409977460257625	[]	28.76293693076618	29.211680102981642	29.418905880078967
4	27.26922788951096	0.7919818783919261	26.997581822014457	27.619287596552116	28.39327515474745	26.354187714491207	[]	26.86180996760814	27.308434709283286	27.653791846000065
5	27.187717472595054	0.1156654013211913	27.263338978024347	27.35413631806148	27.520072857815304	27.18871018559465	[27.05104563 26.30848014 26.31492318]	27.237477129789333	27.308737648042914	27.353142531110525
6	26.56121550816397	0.3640251801449921	26.353266758003034	26.639026524416852	26.96990538991279	26.270092783542168	[]	26.377811165530147	26.496146641209943	26.74183634567514
7	25.121448159846285	0.9755398055052922	24.900347607766868	25.66614635508852	25.897269992406	23.876974990995823	[]	24.6469556005578	25.283246981427695	25.62249540606309
8	20.179237722438593	0.7914145094873604	20.372380076841907	20.993640466789486	21.488881236525085	20.007023426679638	[16.85062622 15.77536556]	20.178224212797783	20.683010271815697	20.969638722285143
9	20.1734665831786	0.8834707210189379	19.690548248422314	20.384072764422182	20.907594216757275	19.080695589699243	[]	19.799423803084913	20.037310506422248	20.68289452410385
10	20.72753242711293	0.5876860820510679	20.464857114393904	20.926190688803995	21.57872561598292	19.64722505207493	[]	20.419279205495986	20.69552390159895	21.006965287547054
11	20.570842032973363	0.8573611018076619	20.15457948700714	20.827607951926154	21.43227259372227	19.75682197533108	[]	20.138784175252784	20.491093719466647	20.996145277060446
12	20.67344849955127	0.7863630365087495	20.724994489367145	21.342289473026515	21.66461786962728	19.720569130733875	[18.77130978 18.85555557]	20.413728962790124	21.03364198119683	21.200091999298873
13	21.660068562479584	0.24475281742387267	21.57291573153142	21.76504669320916	22.00280689106457	21.261140618060924	[]	21.53091833761809	21.66898121237029	21.775671155041962
14	20.821114685273088	1.203389836611148	20.299123693150293	21.24378471489004	21.712678544260186	19.722785675336716	[]	20.326844175176568	20.771454204020166	21.530234011787716
15	35.41881182002475	0.487891863084684	35.21456149212621	35.59755660464768	36.06180903773855	34.94580356857252	[]	35.18242371436426	35.40605904838694	35.670315577448946
16	22.348074448557472	1.301799602230222	22.073243091821325	23.095155779572046	23.52941998243469	20.418405875902327	[]	21.783518700801636	22.584199435696686	23.08531830303186
17	28.403378464031267	0.07016781239907033	28.3578603892351	28.41294212196837	28.51279647961135	28.28859459195948	[28.54504008 28.57445656]	28.358293863112717	28.385401255601735	28.428461675511787
18	30.952440529718416	0.139552312142893	30.92441786206441	31.03396642709658	31.09529643612	30.7467017705928	[]	30.892780459764193	30.979192144580495	31.032332771907086
19	25.950519107112367	0.41411276806120867	25.864824050438557	26.18990257336661	26.379519864342704	25.776573862860044	[25.18242291 24.98552698]	25.814786321129535	26.027363311902583	26.228899089190744
20	23.68875628117528	0.5940677427564474	23.590407702899157	24.056750880962966	24.49984247342705	22.793252246934298	[]	23.36973731992727	23.82357929193106	23.96380506268372
21	27.178870549262598	0.9550460566917103	26.945922125778743	27.695633280281733	28.301107200387435	25.603336171380636	[]	26.67510340972042	27.320777703030238	27.63014946641213
22	26.969970147101705	1.1566631337876991	26.790983081054016	27.698963641077363	28.32222051219381	25.8556135138187	[23.71503677]	26.483832243474204	27.24497336106569	27.640495377261903
23	29.54974238209003	0.10555039892996376	29.511222585287094	29.594079648447114	29.66008807252932	29.320372580370886	[29.76122489 29.76738365]	29.476201529068987	29.552651116867104	29.58175192799895
24	24.84504264114456	0.9634983053024051	24.771762334369633	25.52810850403202	25.65096999335652	23.21762776463288	[]	24.378246163332612	25.149935419200826	25.341744468635017
25	27.478831343260538	0.4331578426093543	27.28906345252693	27.629092358975274	27.77406737050247	27.164189654158296	[]	27.277698513877564	27.4590779057511	27.710856356486918
26	23.17436785864147	0.6174991340006493	22.93865791964515	23.42339473983566	23.877650057102706	22.46577231093945	[21.58199816 24.71560875]	22.874600965362397	23.181026329740405	23.492100099363046
27	28.380640563075314	0.32674504363224344	28.1964447939836	28.45293965323491	28.630838213036167	28.173352139578967	[]	28.219823873630936	28.324692223609254	28.54656891726318
28	26.81529438388693	0.4383898640802748	26.65337942489814	26.997515468201158	27.336740850546413	26.340007780711105	[]	26.59872995720044	26.82544744654965	27.037119821280715
29	24.493443136143036	0.2557316363188882	24.389834128779512	24.59058346328984	24.839762617491328	24.235550996907705	[]	24.353705152854392	24.490208796034675	24.60943678917328
30	22.97325286896543	1.5655317767304027	22.641600936642835	23.870543381376198	24.566083255259173	20.872101567141826	[]	22.186665567974522	23.256072159009516	23.752197344704925
31	25.71817776992344	0.1840886347784476	25.650637955308664	25.795147533609747	25.878368878509857	25.47779896273825	[]	25.637452491397738	25.722892744459205	25.821541126176186
32	22.940278442433137	1.2085380945850623	22.443400729106525	23.3921031333558	23.962007920646048	21.89916354886315	[]	22.30242850096409	22.917751931231162	23.510966595549153
33	32.49591567893143	0.13051847604785394	32.46968555738651	32.57214256108408	32.62971370887418	32.36002987098358	[]	32.4211252112152	32.520914059235295	32.55164368726305
34	31.76887689692194	0.30024252483896063	31.60263238320855	31.83832276520714	32.09356948625626	31.5565966769796	[]	31.625025751723665	31.720477574207845	31.925268276562626
35	28.5763510142594	0.5505423136834722	28.2316632593034	28.663838975544923	29.41444457239029	27.80362078495643	[29.80086965]	28.22411406560372	28.44775111742416	28.774656379287194
36	32.871711875604106	0.13062158697711368	32.83370423178411	32.93624217756114	33.057036063603306	32.70811333411111	[]	32.80090867825223	32.884973204672626	32.93153026522934
37	24.843580869338474	0.852133677278001	24.403976719603097	25.07290165626633	26.23315845099464	23.75875266143825	[]	24.45635071150621	24.738439187934713	25.308484388784212
38	28.25014045501286	0.08621086045331694	28.226877357007076	28.29455288246293	28.38616271328187	28.111550286524075	[]	28.204501998437863	28.260715119735003	28.29071285889118
39	25.49747552641475	0.5502691998669391	25.36799584574239	25.79995716763794	26.08910454937597	24.58605589555898	[]	25.226950161163877	25.583976506690163	25.777219361030816
40	26.43643762471115	0.3118298241341648	26.306576162375766	26.551362574321086	26.658168742683536	26.20511100717514	[]	26.274686401024262	26.428969368348426	26.586516225158427
41	28.199683311920456	0.24238764599449425	28.137897027474885	28.328171329580563	28.61197868796489	27.773495302460688	[]	28.086598529717016	28.233034178527724	28.32898617571151
42	28.395050176211214	0.14700858682523688	28.347160428821	28.462562169478808	28.56380492410138	28.22732192239237	[]	28.31614090155019	28.404861299149903	28.46314948837543
43	27.367918492051018	0.3318522510236015	27.18369215200066	27.444196169054187	27.664133071751817	27.11989978595846	[]	27.223363729229607	27.313944160527424	27.55521598025321
44	29.45553324346581	0.36135836057020754	29.237863582131205	29.521529895178816	29.70488580168202	29.25350693071843	[]	29.28303577823882	29.37969673865501	29.644394138809027
45	29.455158607481643	0.36119863587011736	29.236610055942094	29.520150985100138	29.70509409629317	29.25352990083536	[]	29.28318389166963	29.378380520521116	29.644382527539747
46	31.646676047166437	0.15488170392399425	31.615674419447892	31.737256557028225	31.775695156370706	31.375552486692904	[]	31.580603835780654	31.67646548823806	31.735485539704648
47	30.929189932316167	0.7849404438163035	30.967444642183008	31.583622890578805	31.744432478888054	30.08907003849528	[28.95900431 28.76436983]	30.705051743702256	31.275533766380907	31.48999218751856
48	32.5300167261975	0.5644151964573325	32.27195749652362	32.71502342574262	33.000420669654424	31.8957055026917	[]	32.26214899336671	32.49349046113312	32.82656418982404
49	30.992394510477943	0.562314491170369	31.09827192474296	31.5396888003117	31.731571272812207	30.794464054980896	[29.89760081 29.24483961 29.88879047]	30.819319770626247	31.31898036252733	31.381634261796616
