	mean	iqr	cilo	cihi	whishi	whislo	fliers	q1	med	q3
0	24.023007090127294	0.027275456339030058	24.009319889703995	24.030731122930135	24.070048431563908	23.985898324279468	[]	24.010376426782972	24.020025506317065	24.037651883122003
1	26.009644885663427	0.2306253797630795	25.96354509067628	26.1445860137903	26.380630308072213	25.62512682394673	[]	25.91383052593522	26.05406555223329	26.1444559056983
2	24.022018048644945	0.030505997694923792	24.00556144686811	24.029508655058624	24.06957408910549	23.982207783752845	[]	24.008264311519156	24.017535050963367	24.03877030921408
3	23.88234063615011	0.047445811542075944	23.871075638460127	23.908320600520653	23.923887078167542	23.8305508397229	[]	23.858578251358452	23.88969811949039	23.906024062900528
4	27.577355934654513	0.26328355822253613	27.478338006123213	27.6850155993279	27.9240984563748	27.31765248375215	[26.98773828]	27.462205265590992	27.581676802725557	27.725488823813528
5	27.237412151155453	0.29053012949139756	27.12045791884892	27.348524070499664	27.63596702978198	26.83330840099523	[]	27.08679481727093	27.234490994674292	27.37732494676233
6	26.656389639144464	0.15220455933444654	26.608667157447744	26.728147736525283	26.870427493854592	26.407482286908323	[]	26.57707835792716	26.668407446986514	26.729282917261607
7	23.98837286573577	0.2879092445829201	23.872366385316987	24.09837514231458	24.34023090382101	23.686108788594087	[]	23.846172161354435	23.985370763815784	24.134081405937355
8	25.677470378534757	0.0923957740561967	25.638987564268323	25.71151824690244	25.808213751087397	25.530976682656885	[]	25.63422457427324	25.67525290558538	25.726620348329437
9	36.00759686512832	0.3319068970561432	35.90333887419309	36.16388578838217	36.328464421299465	35.5126266811161	[]	35.85309680192262	36.03361233128763	36.18500369897876
10	29.169933462881886	0.21144333119430314	29.103342262967015	29.26932527795454	29.474953313498208	28.880385988695146	[]	29.055878806241648	29.186333770460777	29.26732213743595
11	27.28567302391324	0.28251160427199196	27.21192208165068	27.43369369100419	27.791478263277583	26.88746419545706	[]	27.102195981433635	27.322807886327436	27.384707585705627
12	27.24299800121475	0.05193983341362696	27.24070677828345	27.281479547513147	27.342124446845254	27.171625179721445	[27.06825729 27.05508224]	27.236687306247518	27.261093162898298	27.288627139661145
13	26.545220687943207	0.10785210618610463	26.485156202458466	26.56982010581456	26.710998140941705	26.44578803178808	[]	26.4982068462662	26.527488154136513	26.606058952452305
14	20.631501321237387	0.24893020400605437	20.657632378611826	20.853042588756576	20.982680233713385	20.555895783598636	[19.99247325 19.59347471]	20.589438875482035	20.7553374836842	20.83836907948809
15	25.39917916609758	0.220348511921042	25.29697530589804	25.469948887756058	25.632275385222865	25.16092470572539	[]	25.292234167861295	25.38346209682705	25.512582679782337
16	20.076497563987914	0.2659516673075828	19.92715538756742	20.135927446403873	20.33219603844516	19.663131584396663	[]	19.99477389800568	20.031541416985647	20.260725565313262
17	20.8316136964926	0.32351475555451614	20.727041089034504	20.9810001721448	21.279406028022187	20.420643914041342	[]	20.637757707736547	20.854020630589652	20.961272463291063
18	20.5187481184921	0.2713621518141984	20.416609299477884	20.629628588652032	20.841424295729546	20.1506991589642	[]	20.396701312732873	20.523118944064958	20.66806346454707
19	20.931399999871203	0.18760673159892605	20.929621745990048	21.076893030295203	21.136855412699205	20.741032775038203	[20.54924051 20.48913352]	20.86427770142752	21.003257388142625	21.051884433026444
20	21.66902612149469	0.06528851682447012	21.632941365855814	21.684192851563026	21.78095311094658	21.54464573070278	[]	21.6406918391747	21.65856710870942	21.70598035599917
21	20.766837482779643	0.3833435740867195	20.60678594661088	20.907710652268957	21.0673579608766	20.31390671329474	[]	20.599895257023274	20.75724829943992	20.983238831109993
22	23.720331877207318	0.06280128297295917	23.695578373743846	23.74487738087762	23.83077332529116	23.62038316086014	[23.59236582]	23.69635326870275	23.720227877310734	23.75915455167571
23	29.107669782729786	0.04150591811594495	29.08936285249693	29.121944998217945	29.16315944953149	29.05300015517556	[]	29.086054204167763	29.105653925357437	29.127560122283707
24	30.413730575455478	0.07567827418148454	30.401148988856875	30.46055643408934	30.57252770880022	30.32427598156553	[30.09584359 30.20108875]	30.4085588766943	30.430852711473108	30.484237150875785
25	23.473959958737954	0.3121126539118926	23.33631780581175	23.581326239132583	23.730827439901457	23.13902104553162	[]	23.33981850783224	23.458822022472166	23.651931161744134
26	35.418726041882195	0.1445729075994464	35.3655636855516	35.479053418017166	35.682288991105544	35.24747496750923	[]	35.33104907507108	35.42230855178438	35.475621982670525
27	22.554887419174104	0.32471956525967727	22.4807061987859	22.73561105751475	23.020706630322533	22.048574271208192	[]	22.363883527260292	22.608158628150324	22.68860309251997
28	29.348465782102068	0.3279034966303165	29.21371612175026	29.471120366605057	29.68727911867436	29.002571012284093	[]	29.20015918540412	29.342418244177658	29.528062682034438
29	28.38403764088801	0.016088334240222935	28.375807060484263	28.388436402862837	28.41066660581446	28.36327827038085	[28.4180018]	28.372279365414986	28.38212173167355	28.38836769965521
30	30.9240910555259	0.03228942481214503	30.912396102249495	30.93774330072703	30.961241971741817	30.87393095373758	[]	30.907663588022984	30.925069701488262	30.93995301283513
31	28.901240668190113	0.14410854116741234	28.87565178093107	28.98877698574749	29.110915609649187	28.760603580448247	[28.39617841]	28.8589461312001	28.93221438333928	29.00305467236751
32	26.001840466121067	0.07408607689531266	25.983190867379708	26.04134843774253	26.104139251756525	25.96184612689019	[25.83949704 25.78902501]	25.98527543376489	26.01226965256112	26.059361510660203
33	23.803699330971092	0.16279678897017646	23.756340373503292	23.884135852844878	24.004713378712715	23.58485202968117	[]	23.722831842158538	23.820238113174085	23.885628631128714
34	27.272111668036455	0.2685784502336688	27.21652324622388	27.427357329657312	27.57053662129723	26.933641598884364	[26.7108942]	27.16417511382769	27.321940287940595	27.432753564061358
35	27.19700240786118	0.19528302440549083	27.133743519226023	27.287040693384334	27.524876788977988	26.90614753747937	[26.50912661]	27.147899396188052	27.21039210630518	27.343182420593543
36	29.50922683491459	0.029820717477150538	29.499070382039584	29.522479645259146	29.562519925109356	29.47217981039448	[29.43962897]	29.493019119448057	29.510775013649365	29.522839836925208
37	25.144949907207135	0.3765984595627394	25.035715457957537	25.331345248714285	25.494591118084735	24.71002100833216	[]	24.963895771573032	25.18353035333591	25.34049423113577
38	27.478590189610568	0.09272191188724932	27.42685263313039	27.499639333961884	27.56611529852645	27.391810182185225	[]	27.436060056796546	27.463245983546138	27.528781968683795
39	23.156681059518963	0.12052812443466365	23.12240048689799	23.217015064579204	23.311081546655046	23.006609704384022	[22.81415996 23.49627312]	23.089081551245247	23.169707775738598	23.20960967567991
40	28.364971902132094	0.021720142854505298	28.359375965369303	28.37642627751009	28.399488209583197	28.32700326208962	[]	28.353902298707105	28.367901121439697	28.37562244156161
41	26.825385042442026	0.090809318333811	26.79337362951918	26.864658944411225	26.93739324552012	26.717539737571045	[]	26.778090579412815	26.829016286965203	26.868899897746626
42	23.208286412139536	0.34075816371962375	23.148459959672717	23.415955118192624	23.765237163223244	22.64792430832698	[]	23.036427718790662	23.28220753893267	23.377185882510286
43	25.70205252156465	0.030591407416011407	25.688733921710444	25.71274817653201	25.748080117885777	25.64578990211642	[]	25.68891290506309	25.700741049121227	25.719504312479103
44	22.984891701407868	0.42217251864277117	22.842860097280706	23.174265524415283	23.448603580411543	22.591146599058085	[]	22.74788242562007	23.008562810847994	23.17005494426284
45	32.487181966109915	0.0250409844055568	32.477620474292245	32.4972776470506	32.5161555297362	32.445451119904185	[]	32.47551020861256	32.48744906067142	32.50055119301812
46	31.74492501112336	0.030996395158382484	31.73493221785403	31.75926438805336	31.79625328639189	31.711006934802235	[]	31.72676630747692	31.747098302953695	31.757762702635304
47	28.122809803807314	0.09991589045048954	28.06050807983583	28.138942053839468	28.313900363362468	28.017387488411668	[]	28.06868598927142	28.09972506683765	28.16860187972191
48	27.506209890806325	0.04617336542061068	27.486345755910826	27.522591847766	27.57379507637781	27.4342916711416	[]	27.485136253973792	27.504468801838414	27.531309619394403
49	32.87899204611756	0.02285696628125322	32.87437014349337	32.89231286202416	32.91407444599139	32.844154485725966	[]	32.86682789708286	32.88334150275877	32.88968486336411
