	mean	iqr	cilo	cihi	whishi	whislo	fliers	q1	med	q3
0	24.0327176383677	0.06355004516101559	23.99991029456068	24.04979708001208	24.111960071654547	23.960152440388992	[]	24.00614426566306	24.02485368728638	24.069694310824076
1	25.90136815030234	0.39073293251083996	25.82506644532484	26.13179179734585	26.56502669302622	25.417141428470615	[]	25.704052054564155	25.978429121335346	26.094784987074995
2	24.033706029608133	0.06084129793303461	24.002779242363857	24.050539661241288	24.11243524941944	23.963839586893712	[]	24.007646081776848	24.026659451802573	24.068487379709882
3	23.88338442047438	0.08688183306512087	23.860642094300392	23.92884433325651	23.978970565841323	23.78989585208892	[]	23.842156767300207	23.89474321377845	23.929038600365327
4	27.571641917576862	0.359398679192104	27.4324169551752	27.714544918340998	28.2533484064511	27.290688814125364	[26.69345987]	27.386012812364665	27.5734809367581	27.74541149155677
5	27.23480757809803	0.36279260368677413	27.081652282552604	27.366444476446723	27.80826342173572	26.73300598382813	[]	27.055191704023624	27.224048379499663	27.417984307710398
6	26.53371325597318	0.6373357372405977	26.490651556318706	26.990960110052573	26.929971966011518	25.93746265225184	[]	26.23092901421161	26.74080583318564	26.86826475145221
7	24.034985341030925	0.3882177058167606	23.857741322737738	24.162492221803895	24.61273783284142	23.50205646758609	[]	23.85330072074277	24.010116772270816	24.24151842655953
8	25.708486484408304	0.10588407485565199	25.63309156459973	25.716210563361415	25.84393824473914	25.606868182224538	[]	25.66735007141424	25.674651063980573	25.773234146269893
9	35.790152587459616	0.2837658241000298	35.76681625268275	35.98957242460127	36.18328279455574	35.63805408330006	[35.21863628 35.24426392 35.22633451]	35.70511648725929	35.87819433864201	35.98888231135932
10	29.09220581545994	0.2865462100302807	28.99269384615269	29.21763262102646	29.349049438631383	28.72478360691251	[]	28.957403689509448	29.105163233589575	29.24394989953973
11	27.2721226160881	0.39545613544895986	27.125421921466536	27.43585498779397	27.798938747814717	26.841234513918554	[]	27.05509236558845	27.280638454630253	27.45054850103741
12	27.184455852821063	0.03897886799042993	27.208050483730858	27.238648895103346	27.261378731838803	27.18656915578473	[26.90715603 26.92348386]	27.194572159467366	27.223349689417102	27.233551027457796
13	26.574260144520416	0.08353870107805506	26.52465672510741	26.590234605453684	26.719609427354353	26.46746597472672	[]	26.52607965403581	26.557445665280547	26.609618355113867
14	20.43113560709783	0.31691844293050053	20.488477631320553	20.737258609020994	20.848913084961122	20.393420081342963	[19.19912971 18.97635528]	20.403513787508004	20.612868120170774	20.720432230438504
15	25.478366171385556	0.409929242416041	25.206587199342085	25.528381654638675	26.106286579449964	24.84754704607857	[]	25.270468914499347	25.36748442699038	25.680398156915388
16	20.20438884161767	0.44712991754214926	20.004731658404914	20.355728643675498	20.62669308090211	19.597453184127808	[]	19.983995994567863	20.180230151040206	20.431125912110012
17	20.818914321919326	0.3693297555906021	20.684257725343194	20.974181583481815	21.210635140722452	20.15147740417951	[]	20.625643136791673	20.829219654412505	20.994972892382275
18	20.5822919439716	0.407699781332699	20.384573676655673	20.704618005001844	21.04877843761444	20.226377154827123	[]	20.344804298185167	20.54459584082876	20.752504079517866
19	20.789430340727172	0.3745021841526004	20.728048876813297	21.02203309137309	21.131532809257507	20.13598338317871	[]	20.672158624592285	20.875040984093193	21.046660808744885
20	21.66162109443154	0.04655270783543486	21.6518127730444	21.688356648695216	21.698372002374246	21.57440500933647	[21.48348496 21.76613089 21.7892854 ]	21.642966127389116	21.67008471086981	21.68951883522455
21	20.862817118937066	0.5686300324371913	20.60681942733904	21.053194002802236	21.43671847179957	20.29905663967133	[]	20.634940746409555	20.83000671507064	21.203570778846746
22	23.763392145224977	0.16272466733342128	23.648276712983993	23.776015576840727	23.985792264938347	23.596011356671646	[]	23.68304943544524	23.71214614491236	23.845774102778662
23	29.131000324485793	0.05111482164027237	29.09610618750769	29.136231322495302	29.15797626141139	29.055961036069053	[29.23850583 29.2476895 ]	29.102600390080415	29.116168755001496	29.153715211720687
24	30.24086097590696	0.143000796976537	30.26024607350703	30.37250169913361	30.426418500309897	30.20185887304941	[29.78222496 29.58913767]	30.22389828496509	30.31637388632032	30.36689908194163
25	23.55079026036745	0.2907677925541279	23.358148696501736	23.586401413656723	24.08719136683146	23.09855175018311	[]	23.420617818066056	23.47227505507923	23.711385610620184
26	35.44743580056346	0.18505741849398305	35.38932856964066	35.53459864315844	35.71370345704517	35.2209164668492	[]	35.34392638438502	35.46196360639955	35.528983802879004
27	22.431274931475677	0.33942074246334997	22.371534913838175	22.637980196671904	22.781359864689485	21.891345133372717	[]	22.27411994197356	22.50475755525504	22.61354068443691
28	29.33113235943731	0.22510007980943314	29.23016688805471	29.406870450705114	29.701938779741482	29.002862067804017	[28.77122511 29.81010677]	29.234656459499742	29.318518669379912	29.459756539309176
29	28.39647240893046	0.029357175441017347	28.384941846441595	28.407987229162796	28.44868234416417	28.35120192782085	[]	28.379069337844847	28.396464537802196	28.408426513285864
30	30.91254439140171	0.05370233870121055	30.902043944205275	30.944200280085724	30.95600419136836	30.85803031525536	[]	30.88540999278379	30.9231221121455	30.939112331485
31	28.83681827258401	0.1652448030010092	28.826414491942955	28.956131662298745	29.058767581432583	28.71794322145552	[28.25711234 28.47122623]	28.805124766361146	28.89127307712085	28.970369569362155
32	25.955754532988585	0.1272560955626716	25.933707605723274	26.033603640739972	26.073268592425762	25.88413826052348	[25.71586609 25.6649288 ]	25.918227134863535	25.983655623231623	26.045483230426207
33	23.695184910741112	0.18343993608913323	23.668723189241053	23.812723539071026	23.903330313100433	23.410532021381467	[]	23.60637684426248	23.74072336415604	23.789816780351615
34	27.161802166122765	0.4844705809146568	27.06114885434909	27.441458260367096	27.57254732186454	26.700027970086968	[]	26.87077477145196	27.251303557358092	27.355245352366616
35	27.070256999463314	0.45489132746439154	26.917238089279262	27.27432778133881	27.502419680489428	26.744502881595064	[26.06121118]	26.860261609198552	27.095782935309035	27.315152936662944
36	29.50877000811068	0.021079139113243883	29.498675913113438	29.515223037317334	29.53349958363469	29.4675250759347	[29.44773708 29.57118886 29.57829602]	29.493031478347298	29.506949475215386	29.514110617460542
37	24.90769986595143	0.45678285081609005	24.870387425505555	25.228961963396188	25.32035135897771	24.438158449540893	[]	24.63760355584361	25.04967469445087	25.0943864066597
38	27.47859382764782	0.14561090631711693	27.434123257873996	27.548427819332932	27.584553976376856	27.348797165870664	[]	27.402862226565677	27.491275538603464	27.548473132882794
39	23.177358565784637	0.3271064212889918	23.070163757296637	23.326942298008493	23.65587380758921	22.620681927998852	[]	23.02499269340152	23.198553027652565	23.35209911469051
40	28.392502468738556	0.15614032588996807	28.294987136050185	28.41755729187381	28.49579110826765	28.311257985153585	[]	28.317415413847737	28.356272213961997	28.473555739737705
41	26.814170186360677	0.13400362825393586	26.757768848273358	26.8629616964527	26.96662470976512	26.65382224400839	[]	26.750148660739264	26.81036527236303	26.8841522889932
42	23.116669755300823	0.4615477337250695	23.04548430989457	23.40779928086875	23.584257344995226	22.544183506291997	[]	22.884071237634085	23.22664179538166	23.345618971359155
43	25.70512168148586	0.06449722914469191	25.683774551951604	25.734404876830187	25.765570548375443	25.63678053855897	[]	25.66858304289409	25.709089714390895	25.733080272038784
44	22.883109440187614	0.5478250431219678	22.63766433220844	23.067706991059186	23.334250262896216	22.328274780909222	[]	22.61522039906184	22.852685661633814	23.163045442183808
45	32.473585492916186	0.03877220547147431	32.468297371849374	32.498733553144476	32.51287444282714	32.440179918757075	[]	32.44782591195128	32.483515462496925	32.48659811742275
46	31.771345801827934	0.1356518229075654	31.693802187504375	31.800288868486817	31.88716471117263	31.68979337901919	[]	31.708923164104675	31.747045527995596	31.84457498701224
47	28.100013373373514	0.2604627945139235	28.011541190383415	28.216004484076844	28.4791677741096	27.816423995290478	[]	27.94629181164787	28.11377283723013	28.206754606161795
48	27.496698798541985	0.1763107062180893	27.398794990670144	27.537198895051343	27.639649878411074	27.339409797055385	[]	27.4126308226926	27.467996942860744	27.588941528910688
49	32.86826794401966	0.04734064899678003	32.856766070708645	32.89392848017111	32.9265444908445	32.81216565563566	[]	32.844458313303846	32.87534727543988	32.891798962300626
