	mean	iqr	cilo	cihi	whishi	whislo	fliers	q1	med	q3
0	25.11078156320712	5.474013270998547	24.40867872651733	26.839485802372657	35.62095783682451	15.464150673092115	[]	22.444590945495115	25.624082264444993	27.918604216493662
1	24.603375099631936	6.334519149700618	24.07124600163006	26.88417194991233	35.15227387015383	15.877392635387094	[10.1390439  11.14193084]	21.769627207092157	25.477708975771193	28.104146356792775
2	25.501997626193027	6.203543301916298	24.71844657246899	27.47321098518338	35.46923888379174	13.755569017619573	[]	22.20984741591374	26.095828778826185	28.413390717830037
3	25.250495524595134	6.299263556372896	24.7534887868693	27.550759028546228	35.42079625199915	14.012378870291334	[]	22.025826252257456	26.152123907707765	28.325089808630352
4	25.142626997962747	6.608798873754473	24.146633096991614	27.081356538445135	35.30270968324433	15.57836347246546	[]	21.77899196222233	25.613994817718375	28.387790835976805
5	25.287109165481308	5.387026754569799	24.719515797072006	27.111695374386315	35.28569284374748	16.358215484889854	[14.1238237]	22.617986974963642	25.91560558572916	28.00501372953344
6	24.49220884327826	6.439208966125214	23.85308952408682	26.712504352453315	35.842470502765835	14.815775825867064	[10.26483119]	21.928050921244886	25.282796938270067	28.3672598873701
7	24.976287708068412	6.221452300182854	24.38480008305143	27.14751722031226	35.69336822335789	15.476648933588912	[]	21.91331056851861	25.766158651681845	28.134762868701465
8	25.116746487695693	4.978592888359458	24.990363400647574	27.201172586102764	34.271449308081465	16.13588432333556	[]	22.627779542165253	26.09576799337517	27.60637243052471
9	24.76127288214898	4.727296035079011	24.018395239553307	26.117612775727956	31.49333241177577	16.01026127854233	[15.50390487 35.01803335]	22.679326312289145	25.06800400764063	27.406622347368156
10	24.426617982756262	5.60772982627471	24.298833503500262	26.78901916187499	35.71619644282458	14.693116883041515	[8.51411301]	22.099335909868415	25.543926332687626	27.707065736143125
11	24.59003807237938	5.827059563789369	24.264975937128824	26.85255782958299	35.46330451942956	14.549930367018762	[8.88250291]	21.976476384023034	25.558766883355908	27.803535947812403
12	25.108392773289303	5.942946181977177	24.544431414201938	27.183474272777673	35.20816643909059	13.903838330116244	[9.21932878]	21.89367997658737	25.863952843489805	27.83662615856455
13	24.732781342181305	6.963178962143704	23.521651407570012	26.613741954975332	34.25826399936909	13.335161209977514	[]	21.332525399526926	25.067696681272672	28.29570436167063
14	24.95528070361508	6.441948652409923	24.24049849070934	27.101129912546984	34.391206458007055	14.471852631315262	[]	21.926809472985475	25.67081420162816	28.3687581253954
15	24.99512729629872	5.774125281149537	24.39014731617632	26.954223049177433	35.2628455825569	15.097734797621602	[]	22.363965464759975	25.672185182676877	28.138090745909512
16	24.87521923368344	6.677590612638937	24.294231797885423	27.25950310931337	34.75791399422046	13.641576894974484	[]	21.719610497488887	25.776867453599397	28.397201110127824
17	25.110667673933047	6.00887955090997	24.706574214752848	27.3748956467997	34.87635328823854	14.002421892934796	[]	21.70611883037396	26.040734930776274	27.71499838128393
18	24.511283069038384	6.209148184286732	24.044570374390243	26.801823708313055	35.344434144492325	13.454847980803114	[8.80839807]	21.7768633380187	25.42319704135165	27.986011522305432
19	24.70226204385683	6.825163322683739	23.501806476003114	26.532609376417252	35.63068707299951	12.931214997316902	[]	21.450371718161197	25.017207926210183	28.275535040844936
20	24.58751570551291	5.725800453297243	24.06813405260403	26.61075051474345	35.008813028847975	15.589072600500144	[10.26295808]	22.04279377443597	25.33944228367374	27.768594227733214
21	24.53240319292611	5.558379624615306	24.04799122269045	26.516262279574512	35.06960531880488	15.087894820765008	[10.61389994]	21.80704176815179	25.28212675113248	27.365421392767097
22	24.782124259756444	6.350895588205184	24.167162927030333	26.987361046683674	35.087158964455064	13.778524505303752	[]	21.371099780544053	25.577261986857003	27.721995368749237
23	25.02147244526897	5.573537466409519	24.122207670145823	26.597209764618572	35.44219305838509	15.317504829178926	[]	22.18370774281233	25.359708717382198	27.75724520922185
24	25.223342362283447	5.380067634742812	24.8157987220469	27.204888011325778	35.211797777541975	14.713122804850668	[13.95546989]	22.61126918323094	26.01034336668634	27.991336817973753
25	25.040301920075066	5.576182584276118	24.413315473751872	26.88949216735478	35.18967888985863	15.540748657262794	[]	22.30594630214152	25.651403820553327	27.88212888641764
26	24.996081080393118	6.30634255246348	24.15186694279723	26.952280705129855	35.31474989659488	15.850295043656688	[]	21.800602061402397	25.552073823963543	28.106944613865878
27	24.59079664715425	5.977339389642324	23.766894266905602	26.42120987847168	34.6221247714269	14.949632495225178	[10.29503968]	21.854893120751022	25.09405207268864	27.832232510393347
28	25.178690891706424	6.030924010619287	24.228750949038208	26.90686151128844	35.40171804617644	16.422825812585117	[11.86457619]	22.172031089216755	25.567806230163324	28.202955099836043
29	25.16766319788612	5.292319626310352	24.772872106697704	27.122995746967305	35.168532449191005	14.65559465153602	[]	22.41132230506644	25.947933926832505	27.703641931376794
30	24.262595863450052	5.6989144044639986	23.820160529468897	26.350837890530162	34.75060595420424	14.519519626715889	[10.49042719]	21.76500843383789	25.08549920999953	27.46392283830189
31	25.14271863014526	6.045888830089133	24.303282245702984	26.988038131458172	35.6840723358868	14.571693248468517	[]	21.916548974631443	25.645660188580578	27.962437804720576
32	24.753578597824017	6.76903673204523	24.059093425256307	27.064972580163555	35.48637996388802	13.8961653578907	[]	21.5722084944294	25.56203300270993	28.34124522647463
33	24.87565294646278	4.808418875554615	24.490950438284358	26.626191631121713	31.75053829741869	15.544600921453815	[14.13521255 35.53609563]	22.32980685277132	25.558571034703036	27.138225728325935
34	24.90330165560226	6.366520512900653	24.287571906344134	27.114708477847905	34.75465280025713	14.914110581915514	[10.69523256]	21.756773333007228	25.70114019209602	28.12329384590788
35	24.66152679461629	6.128379041413705	24.109886595596443	26.831273336895755	35.320833366088806	13.753529732985124	[]	21.848478156248795	25.4705799662461	27.9768571976625
36	25.192540981106127	6.204943499301965	24.556033408097214	27.311419596745303	35.40288167607027	14.028375670801529	[]	21.874568853489336	25.93372650242126	28.0795123527913
37	24.873180497532317	5.288225073464815	24.69393562433591	27.042241024945387	32.43061929356612	14.976283895916607	[ 8.36049309 35.65120924]	22.371259728509354	25.86808832464065	27.65948480197417
38	24.79253608386635	5.354736939708637	23.850092626259254	26.227933489625165	35.20827103961629	14.886063450435646	[]	21.938435447313054	25.03901305794221	27.29317238702169
39	25.12774164217745	5.943136134038188	24.29490865958455	26.934035868853485	35.87288997456565	15.474888195655293	[]	22.3663214741126	25.614472264219017	28.309457608150787
40	24.89493247070344	5.982724386097139	24.20787939714384	26.864586286706114	35.26455644947276	15.473144369553232	[]	21.79610013896091	25.536232841924978	27.77882452505805
41	25.271697785655416	5.905911112905688	24.794394407498608	27.416991360027545	35.001749298976655	14.369841181432772	[]	22.00517410695912	26.105692883763076	27.91108521986481
42	25.436175198629822	5.824883671079302	24.992430195736134	27.579045854618315	35.17996907616415	14.918457768556925	[]	22.16792842449445	26.285738025177224	27.99281209557375
43	24.94404347393951	6.157525879898635	23.795587162053653	26.529916937598667	35.513458753328926	15.460115769477447	[]	21.863249905860542	25.16275204982616	28.020775785759177
44	24.968344415250534	6.404934231236659	23.832210744938095	26.67640542969778	35.593702383330275	15.465785523688313	[]	21.680940844417364	25.254308087317938	28.085875075654023
45	25.483922280674484	6.201176910049327	24.85213021545476	27.605843800958883	35.29221647404384	14.723533193768931	[]	22.530529031118554	26.228987008206822	28.73170594116788
46	24.37788607469328	6.72187842823087	23.661910119806134	26.64684801408389	36.09588063344586	14.973389931286796	[10.59928368]	20.97241038848993	25.154379066945012	27.6942888167208
47	24.982445206151052	5.065191282948501	24.127893735308284	26.377158068733245	32.12158163128086	15.389113391048584	[35.04330415]	22.35573245139409	25.252525902020764	27.42092373434259
48	24.666556683175823	6.24338955424405	23.928664198422886	26.701122859819087	35.00747403167344	13.687781675154984	[]	22.063909816537773	25.314893529120987	28.307299370781823
49	25.06728558069712	6.164069123570865	24.093684449278374	26.830919837621547	35.053932574425744	18.013262038791584	[12.61071647]	22.14758117579214	25.46230214344996	28.311650299363006
50	25.00056073696768	6.039567068753737	23.91159246763564	26.59354109271658	35.16588510361829	14.10488108816226	[]	21.963212728431902	25.25256678017611	28.00277979718564
51	24.79678996645182	6.180141420952111	24.02886862255976	26.77324112443654	34.851778658170645	14.956714400981566	[]	22.020528585347144	25.40105487349815	28.200670006299255
52	25.013017343513017	6.086333945160373	24.446422062921584	27.149138130180134	34.925080014383134	14.805537599227058	[]	21.947161807744713	25.79778009655086	28.033495752905086
53	24.845048641406688	6.2170489795865755	24.22967995324833	26.99044173849724	35.28504098879979	13.52898740736534	[]	21.65873851867175	25.610060845872784	27.875787498258326
54	25.11110509166672	5.80434230606139	24.450331564500964	27.02782556200578	35.56076848196743	14.159031857042075	[]	22.05877372209108	25.739078563253372	27.86311602815247
55	24.6409373110564	6.451986199422361	23.91450407331497	26.779592798979653	35.49930835465458	14.828781581235765	[]	21.647864189702567	25.34704843614731	28.099850389124928
56	24.91506986031204	5.258874997138612	24.698387514167095	27.033659630113448	32.99742568276508	16.29770890602538	[10.43865192 35.80531619]	22.579131701402275	25.86602357214027	27.838006698540887
57	25.245715712631963	5.685151872243903	24.757149192131163	27.281715121040893	35.34857824880284	15.27731664903228	[]	22.327504355951007	26.019432156586028	28.01265622819491
58	24.86808482382227	7.141059714503136	24.460247571450275	27.63132838981175	35.15552289198391	13.802210042610104	[]	21.194422524478856	26.04578798063101	28.335482238981992
59	24.69947153469016	5.7974699625371535	23.623589861503024	26.198032105122817	34.6758180748443	13.954593106758226	[]	21.972531537151475	24.91081098331292	27.77000149968863
60	24.72082298400534	6.961544250757889	24.205735354434875	27.2970999869023	34.94303971154458	15.509784195939783	[]	20.989863341763684	25.751417670668587	27.951407592521573
61	25.067764826388157	6.658883945642408	24.190040766384964	27.1470051380505	35.49173954670262	15.068974424213634	[]	21.59052006434177	25.66852295221773	28.24940400998418
62	24.635240660290947	6.18425455606986	24.30546018744983	27.051659180687373	35.90258448959152	13.29519365830136	[]	21.37070502214373	25.678559684068603	27.55495957821359
63	24.952249363315033	6.16125071865628	24.34010452529313	27.076088364129603	36.08307189237934	14.247635666823932	[]	21.86912713461701	25.708096444711366	28.03037785327329
64	24.356214227092117	5.715604503148278	23.430383508629113	25.968472325960207	35.32219245339399	13.483271186504382	[]	21.943622158466404	24.69942791729466	27.65922666161468
65	24.68150095574721	6.946207787915483	23.83020172989888	26.91475600576863	35.960382334109056	15.368319162455157	[]	21.11067766162737	25.372478867833756	28.056885449542854
66	24.727534128720805	5.648058819120777	24.558463809059724	27.06655808334734	35.82811366475848	13.565775651991824	[]	21.96011037362728	25.81251094620353	27.608169192748058
67	24.71952417719051	5.581441960818697	23.97849447092978	26.45700665936644	34.72840800144446	14.667370363856636	[]	21.939685715151573	25.21775056514811	27.52112767597027
68	25.034151696741606	6.642105438950345	23.7862162817787	26.73572993844406	35.54189218984172	15.48714801015452	[]	21.859672714259773	25.26097311011138	28.501778153210118
69	24.96025193399398	5.176494312369261	24.233935383183955	26.53262528028329	35.09934937077213	15.236637475250298	[]	22.209935022607556	25.383280331733623	27.386429334976818
70	24.721400773437246	5.684936642601105	24.083026760858584	26.607497114234835	36.06020304248908	15.855703480345436	[]	21.97498126383442	25.34526193754671	27.659917906435524
71	25.320387063995835	6.093824541401965	24.533983638668236	27.240026003004456	35.559124740318175	14.647990507736717	[]	22.23327684198289	25.887004820836346	28.327101383384854
72	25.04757905021066	5.960689640906132	24.284625351355455	26.931547424573065	35.070829754545954	13.873739933401138	[]	22.081676900886244	25.60808638796426	28.042366541792376
73	24.917916586630152	5.5956714389070115	24.26891767385539	26.753748647854017	34.79577295465144	16.311542460066573	[]	22.208367952151292	25.511333160854704	27.804039391058303
74	24.484671006633768	5.729862056624086	23.681056002477135	26.225476072612636	35.982589627558646	13.96315538121838	[]	21.976951783135263	24.953266037544886	27.70681383975935
75	24.66712179618933	5.3895791403907864	24.27272785876134	26.666040856330003	34.7861511202861	15.715077491130796	[13.66721161]	22.18800784231967	25.46938435754567	27.577586982710457
76	25.06266852852733	5.87469452027052	24.47134892235534	27.0800837392801	34.75073779890436	13.937402895147727	[]	22.169844581036788	25.77571633081772	28.044539101307308
77	24.893903230335432	5.7324226836182	24.20185374117385	26.74741089116425	35.98084430033448	14.066320455579868	[]	22.222710567995176	25.47463231616905	27.955133251613375
78	25.042312180026883	4.855900180305493	24.470869265353354	26.627195151604003	32.299818079678964	15.701256513492536	[35.70011469]	22.708197214278766	25.54903220847868	27.56409739458426
79	24.70440834270193	6.356275518153776	23.737188364750267	26.559775512551553	35.686810672225484	13.876103328079894	[]	21.677532486395773	25.14848193865091	28.03380800454955
80	24.65868540760604	5.983517286338802	23.891814448255094	26.548873435523827	34.89358263035101	13.619370843110683	[]	21.849954846121594	25.22034394188946	27.833472132460397
81	25.10158651151263	4.838155679143036	24.722335885868443	26.87078209465982	32.02819675873505	16.799469354704488	[14.9200527  35.20700534]	22.67250539495155	25.79655899026413	27.510661074094585
82	25.082157471704942	5.396486859805265	24.64635084191089	27.042731302490598	34.72299635955293	15.618388697697142	[]	22.34697860428721	25.844541072200744	27.743465464092473
83	24.797742055576272	5.44304440111933	24.42931239110749	26.846367335883325	35.273850701710266	15.814726841186989	[]	22.037061620768643	25.637839863495408	27.480106021887973
84	24.95946346756153	5.514761689413486	24.51911803111791	26.968019974287078	34.5367513285702	16.20979593085076	[9.54467628]	22.226914219308938	25.743569002702493	27.741675908722424
85	24.369903869550214	6.632959608159673	23.601445307554705	26.546897638625857	35.77304867402508	14.181065960223892	[]	21.355322276726376	25.07417147309028	27.98828188488605
86	24.77807919898419	5.303776512450746	24.4801727705248	26.835383990695764	35.11643371774996	15.816836081474522	[13.76593972]	22.203168992030033	25.65777838061028	27.50694550448078
87	24.747426009970237	7.0363862662653105	24.053718122594145	27.178317329378476	35.90349120437218	13.679674809402613	[]	21.15940889202441	25.61601772598631	28.19579515828972
88	25.167012958839624	5.870822959679689	24.348155026422173	26.95517062630947	35.651459943686234	15.136801564672474	[]	22.05357194039296	25.651662826365822	27.92439490007265
89	24.99158491004563	6.177991877699014	24.062030608996203	26.80544857812145	35.38991667560925	14.758895719139632	[]	21.82737076098376	25.433739593558826	28.005362638682776
90	24.749615680210905	6.038524874718586	23.950916271805543	26.632402097015596	35.80811968831015	13.735679176888649	[11.23096125]	21.412133984983434	25.29165918441057	27.45065885970202
91	24.687631715914225	6.270903420446739	23.64180228966801	26.42647884264368	35.45148842715893	15.41159811493766	[]	21.703566383115035	25.034140566155845	27.974469803561774
92	25.546462456598718	5.314885968747806	24.88824517357437	27.248389692887827	36.063926103728825	15.525477249358794	[14.79183366]	23.0683435051176	26.068317433231098	28.383229473865406
93	24.53065995963885	6.831218534112779	23.990492249768344	27.023984045890046	34.456499211718985	14.263278110424132	[]	20.85593280299405	25.507238147829195	27.68715133710683
94	25.179179181380604	5.770267381136328	24.352543059774685	26.914905641896215	35.38453534486019	13.938226986933095	[]	22.3135380025019	25.63372435083545	28.08380538363823
95	24.396940460047073	6.014750383052231	23.66695015925278	26.337878610977167	36.03545443228036	14.37798674216264	[]	21.736159362631042	25.002414385114974	27.750909745683273
96	25.256267308423247	6.137325139640414	24.513963666782946	27.23932303982321	35.16214204394225	15.123603992355807	[]	22.127538430046044	25.876643353303077	28.264863569686458
97	24.837370895820676	5.92462597640165	24.34864191163912	26.97954944369308	35.67506872791107	15.542840991689122	[]	21.782781511809773	25.6640956776661	27.707407488211423
98	24.96827400847095	5.733114632426727	24.59521877181324	27.141083190707942	34.827774643171665	15.216090502030466	[]	21.72330091309872	25.86815098126059	27.456415545525445
