	mean	iqr	cilo	cihi	whishi	whislo	fliers	q1	med	q3
0	26.812225418090826	3.5768461227417205	25.891377121346384	27.479722350699515	32.903263092041	21.7725219726563	[]	25.018030643463128	26.68554973602295	28.594876766204848
1	26.890482940673834	3.8143520355225	26.03699994873364	27.73081278014826	32.0846405029297	21.2949771881104	[]	24.8878364562988	26.88390636444095	28.7021884918213
2	26.591200294494634	4.276916027069078	25.948066261749425	27.847286674041577	30.6564865112305	18.9877910614014	[35.29238129 35.48512268]	24.37307834625245	26.8976764678955	28.649994373321526
3	26.566892852783198	4.103069305419929	25.728020657541485	27.550042162893114	31.1488208770752	20.0260314941406	[35.48512268 35.29238129]	24.289403915405273	26.6390314102173	28.392473220825202
4	26.702915039062503	3.627720832824778	26.122817194396227	27.733754003113475	30.5562515258789	19.8691005706787	[34.49744034 35.29238129]	24.673491001129122	26.92828559875485	28.3012118339539
5	26.30306007385255	3.537975788116473	25.31251652572589	26.883600875397107	30.6564865112305	19.2888450622559	[35.29238129 35.48512268]	24.412348270416253	26.0980587005615	27.950324058532726
6	26.816287918090822	3.6916036605834996	26.089834364328475	27.729139176931326	32.0846405029297	22.0811882019043	[34.49744034]	24.9213933944702	26.9094867706299	28.6129970550537
7	26.72920425415039	3.8473548889160014	25.80789912714061	27.516367306575187	32.903263092041	21.9323043823242	[]	24.802639484405525	26.6621332168579	28.649994373321526
8	26.944607162475595	4.3094997406006	25.90719841788734	27.820888053670362	34.4974403381348	21.9841690063477	[]	24.727920055389426	26.86404323577885	29.037419795990026
9	26.922127532958974	3.752950668334975	26.199210678315392	27.86575743081541	32.5285568237305	21.9233245849609	[]	24.8435444831848	27.0324840545654	28.596495151519775
10	26.725690574646006	3.7669234275817516	25.511158410333493	27.183909949041507	32.5285568237305	21.9372024536133	[]	24.943886280059825	26.3475341796875	28.710809707641577
11	26.592414016723634	3.6331000328064	25.802857202139137	27.416182714852965	32.5285568237305	21.8369560241699	[]	24.747564792633025	26.60951995849605	28.380664825439425
12	26.33566307067871	3.6371135711670277	25.736009954356454	27.35111773119045	30.5562515258789	19.1309204101563	[35.29238129 35.48512268]	24.4249906539917	26.54356384277345	28.062104225158727
13	26.778791732788093	3.8913140296936533	25.604255869687712	27.332244679628786	32.903263092041	21.6063804626465	[]	24.808859348297098	26.46825027465825	28.70017337799075
14	26.9090633392334	3.8136739730835494	26.308346865330314	28.001858594264384	32.5285568237305	20.988733291626	[]	24.875319957733126	27.15510272979735	28.688993930816675
15	26.851595458984374	3.3573880195617747	26.554564684740477	28.045456677564225	32.903263092041	21.5964241027832	[]	25.02249002456665	27.30001068115235	28.379878044128425
16	26.795727729797363	3.9037170410156747	25.90875012565555	27.64224665473995	32.903263092041	22.0876731872559	[]	24.6401009559631	26.77549839019775	28.543817996978774
17	26.243956260681152	3.6780180931091984	25.34923659187375	26.982508555831348	30.1733779907227	18.9480762481689	[35.29238129 35.48512268]	24.154218673706026	26.16587257385255	27.832236766815225
18	26.716500854492192	3.9976086616516504	25.955869686719637	27.731060016039166	32.903263092041	21.677885055542	[]	24.57332563400265	26.8434648513794	28.5709342956543
19	26.48485885620117	3.7047510147094975	25.72684310126038	27.371986168148723	30.9119300842285	19.1341819763184	[35.29238129 35.48512268]	24.532130241394025	26.54941463470455	28.236881256103523
20	26.897745666503912	3.8863511085510467	26.075883536235864	27.80166849623484	32.903263092041	21.6636447906494	[]	24.952944755554178	26.93877601623535	28.839295864105225
21	26.759283485412606	3.5034556388854767	26.06518860220471	27.62094382882559	32.5285568237305	21.020320892334	[]	25.1127672195435	26.84306621551515	28.616222858428976
22	26.81930503845215	3.4306235313415243	26.027076484334444	27.550489662516156	32.5285568237305	21.3268814086914	[34.49744034]	24.784946441650376	26.7887830734253	28.2155699729919
23	26.45925994873047	3.5928683280944504	25.46982614105708	27.065286239924422	30.6564865112305	19.496826171875	[34.49744034 35.29238129]	24.59238052368165	26.26755619049075	28.1852488517761
24	26.616639328002925	3.5346517562866246	26.09373876512044	27.663347035050457	30.6564865112305	20.2638740539551	[35.29238129 35.48512268]	24.698633193969727	26.87854290008545	28.23328495025635
25	26.963810729980473	3.2233490943908727	26.083067655857555	27.514437913600446	31.4062080383301	21.1021575927734	[34.49744034]	25.273794174194325	26.798752784729	28.497143268585198
26	26.61623935699462	3.7581682205200266	25.27830200360153	26.94716567828317	32.903263092041	19.5090751647949	[35.29238129 35.48512268]	24.776910305023172	26.11273384094235	28.5350785255432
27	27.008764228820805	3.949632644653299	26.098138467550395	27.852024420022904	34.4974403381348	21.7239437103271	[]	24.717796802520752	26.97508144378665	28.66742944717405
28	26.644805908203125	3.6717371940613006	26.062076957905287	27.69255980662101	32.903263092041	21.5051918029785	[]	24.620785713195826	26.877318382263148	28.292522907257126
29	26.173913879394533	3.8809261322021236	25.21177261471409	26.93514854312281	30.3264636993408	19.4005870819092	[35.29238129 35.48512268]	24.211136341094974	26.07346057891845	28.092062473297098
30	26.84795578002929	4.26604413986205	25.900423705972795	27.7948163147792	32.0846405029297	21.7651271820068	[]	24.751042842864976	26.847620010375998	29.017086982727026
31	26.56283245086669	3.411908149719224	26.08034325540934	27.595445623985263	30.3264636993408	20.5001392364502	[19.51813889 35.29238129 35.48512268]	24.718092441558824	26.8378944396973	28.130000591278048
32	26.824574279785157	3.5165276527405	25.834664170811998	27.396224195887207	32.903263092041	21.661247253418	[]	24.901143550872774	26.615444183349602	28.417671203613274
33	26.93728412628174	3.433437824249225	26.40166238460017	27.926325286298226	32.903263092041	22.301097869873	[]	24.97515439987185	27.163993835449197	28.408592224121076
34	26.742733039855956	3.567326068878124	25.852280698904117	27.43639842402068	32.5285568237305	21.3343944549561	[]	24.848458766937277	26.6443395614624	28.4157848358154
35	26.72515869140625	3.733994960784898	25.975269075314756	27.633398298342442	32.903263092041	20.6447086334229	[]	24.5373058319092	26.8043336868286	28.2713007926941
36	26.355136489868165	4.02579545974735	25.647958420507386	27.435665465601012	30.1733779907227	19.2821617126465	[35.29238129 35.48512268]	24.338785171508775	26.5418119430542	28.364580631256125
37	26.556626319885254	3.4638423919677983	25.920145834344286	27.458310281378413	32.903263092041	21.0153884887695	[]	24.638453006744378	26.68922805786135	28.102295398712176
38	26.53170974731445	3.7207980155944753	25.416720598430224	27.068989545612673	32.903263092041	19.9318084716797	[35.29238129 34.49744034]	24.590061187744098	26.24285507202145	28.310859203338573
39	26.70342205047608	4.2038974761963	26.014934047256684	27.881729618514814	32.903263092041	20.6688594818115	[]	24.38379096984865	26.94833183288575	28.58768844604495
40	26.582415428161625	3.9017329216003027	25.915765293460947	27.648380748409156	31.4062080383301	19.2059764862061	[35.29238129 35.48512268]	24.458941936492923	26.78207302093505	28.360674858093226
41	26.3586572265625	3.9513406753540252	25.450386031418887	27.205030457228517	30.9119300842285	19.7744197845459	[35.29238129 35.48512268]	24.4340043067932	26.327708244323702	28.385344982147224
42	26.330044479370116	4.150745391845675	25.221287907399944	27.06448060151116	30.3905391693115	18.7038822174072	[35.48512268 35.29238129]	24.33633852005005	26.142884254455552	28.487083911895724
43	26.82893848419189	4.0136628150939515	25.901669820649747	27.683989206449855	34.4974403381348	21.5826072692871	[]	24.76282072067265	26.7928295135498	28.7764835357666
44	26.489069290161133	3.4369473457336497	25.803068600241396	27.329289950784002	32.903263092041	21.488151550293	[]	24.6067337989807	26.5661792755127	28.04368114471435
45	26.43819595336915	4.382048130035397	25.591420168612018	27.537325864102883	30.4724750518799	19.2059764862061	[35.48512268 35.29238129]	24.0467166900635	26.56437301635745	28.4287648200989
46	26.779156990051273	3.6221323013305735	26.255923525994234	27.864378674323163	32.0846405029297	21.4732704162598	[]	24.806632518768325	27.0601511001587	28.4287648200989
47	26.651625213623053	4.0399422645569025	25.730793030773565	27.52478214928013	34.4974403381348	21.3194484710693	[]	24.419990539550774	26.62778759002685	28.459932804107677
48	26.865151519775395	3.7038130760193013	26.341345405346242	27.986071968311055	32.903263092041	21.9885597229004	[]	24.710306644439697	27.16370868682865	28.414119720459
49	26.751132469177247	3.1363029479980753	26.055275504235173	27.447991783972828	32.0846405029297	21.2443332672119	[34.49744034]	25.108997344970675	26.751633644104	28.24530029296875
50	26.828844718933105	3.7570796012878276	25.974456072539525	27.64283633163528	32.903263092041	22.0467166900635	[]	24.808125019073472	26.808646202087402	28.5652046203613
51	26.665078773498543	3.468347072601329	25.941391060318747	27.48155586961295	32.903263092041	21.3798351287842	[]	24.755684852600098	26.71147346496585	28.224031925201427
52	26.798402099609376	3.662924289703401	26.11469001920198	27.741259382653517	32.903263092041	21.8294582366943	[34.49744034]	24.706240177154523	26.92797470092775	28.369164466857924
53	26.52116878509522	4.397080898284898	25.656227218366883	27.60880841090562	34.4974403381348	21.702615737915	[]	24.000342845916776	26.632517814636252	28.397423744201674
54	26.551783332824712	4.662412643432624	26.133684528952312	28.204089747781087	35.2923812866211	20.0289497375488	[35.48512268]	23.81595706939695	27.1688871383667	28.478369712829576
55	26.816172904968262	4.027223110199003	25.923308627646062	27.711649639565838	34.4974403381348	20.8720359802246	[35.29238129]	24.57233238220215	26.81747913360595	28.59955549240115
56	26.670016822814947	3.894218444824226	25.71341801241987	27.44269656582723	32.903263092041	21.3268814086914	[]	24.620023727416974	26.57805728912355	28.5142421722412
57	26.261081123352056	3.4119544029235485	25.355205765585797	26.870328673501103	30.3264636993408	20.2476959228516	[35.48512268 35.29238129]	24.319376945495627	26.11276721954345	27.731331348419175
58	26.78863681793213	3.8180689811707005	26.20797719035897	27.90344058002673	32.5285568237305	19.9519844055176	[]	24.5601677894592	27.05570888519285	28.3782367706299
59	26.69478691101074	3.9740614891052495	25.89039916335248	27.65513306321002	32.5285568237305	20.8128318786621	[]	24.598163604736325	26.77276611328125	28.572225093841574
60	26.815683250427245	4.187030315399227	25.90421242158798	27.763517909832917	32.903263092041	21.0153884887695	[]	24.417385101318324	26.83386516571045	28.60441541671755
61	26.42385166168213	3.7090311050414755	25.72162318634396	27.368666883236145	30.2495861053467	21.14870262146	[18.45753098 35.29238129 35.48512268]	24.506649494171175	26.545145034790053	28.21568059921265
62	26.79781879425049	3.764626502990673	26.17030067845552	27.842032237804283	32.0846405029297	21.0541839599609	[]	24.732516765594525	27.0061664581299	28.497143268585198
63	26.992799415588376	3.895859241485603	26.340480804963136	28.070487975554464	32.5285568237305	21.5493068695068	[]	24.84395170211795	27.2054843902588	28.73981094360355
64	26.864195671081543	3.8426809310913015	26.26567250410623	27.972065151533474	32.0846405029297	21.2923374176025	[]	24.76173448562625	27.118868827819853	28.60441541671755
65	26.710377807617192	3.250290870666422	25.966863869276285	27.410197974595814	32.5285568237305	21.0841827392578	[]	24.952043056488076	26.68853092193605	28.2023339271545
66	26.58518527984619	3.625457763671875	25.670142215013794	27.28007407832121	32.903263092041	21.0793209075928	[]	24.752779006958026	26.475108146667502	28.3782367706299
67	26.657509002685547	3.727136135101297	26.061511608768388	27.71659508068471	32.903263092041	21.4732704162598	[]	24.453993320465077	26.88905334472655	28.181129455566374
68	26.8792244720459	3.2360095977783523	26.145764513722767	27.58275683332313	32.0846405029297	21.8632965087891	[34.49744034]	25.15646362304685	26.86426067352295	28.392473220825202
69	26.502718467712402	3.3468813896178737	25.853535976624133	27.339762363219567	30.5562515258789	21.6488075256348	[34.49744034 35.29238129]	24.619162082672126	26.59664916992185	27.96604347229
70	26.63680019378662	3.476417541503924	26.066434031150948	27.610182637550253	32.0846405029297	21.2215347290039	[]	24.651077747344974	26.8383083343506	28.1274952888489
71	26.27729423522949	3.788381099700974	25.147392017235504	26.829672115454898	30.3264636993408	19.0726375579834	[35.29238129 35.48512268]	24.2003831863403	25.9885320663452	27.988764286041274
72	26.238044891357422	3.8425097465514995	25.34083048470034	27.04714711539726	30.9119300842285	19.297399520874	[35.48512268 35.29238129]	24.28889179229735	26.1939888000488	28.13140153884885
73	26.581905174255372	4.2149405479430975	25.853592366640807	27.725291758114995	32.903263092041	20.487663269043	[]	24.266770362854	26.7894420623779	28.481710910797098
74	26.892639694213873	3.734061241149899	26.063762964941006	27.721921620630297	32.903263092041	22.4296379089355	[]	24.778622150421125	26.89284229278565	28.512683391571024
75	26.366557502746588	3.7367429733276225	25.514423334184283	27.173772848066722	32.5285568237305	19.4878883361816	[34.49744034 35.29238129]	24.297237873077428	26.344098091125502	28.03398084640505
76	26.33099422454835	3.973135948181099	25.667473482809744	27.43179638413366	30.0955181121826	19.5581588745117	[35.29238129 35.48512268]	24.188142299652124	26.5496349334717	28.161278247833224
77	26.87442317962645	3.757554531097451	26.034063033120685	27.702654191000317	32.903263092041	21.112585067749	[]	24.94463396072385	26.8683586120605	28.7021884918213
78	26.802271003723146	3.7301626205444016	26.024167995088323	27.680595417387277	32.903263092041	22.0109252929688	[]	24.589513778686523	26.8523817062378	28.319676399230925
79	26.741282653808593	4.031321048736526	25.729588697491927	27.519749452532572	32.903263092041	21.2874984741211	[]	24.533883571624774	26.62466907501225	28.5652046203613
80	26.617429084777832	3.5223946571349742	25.906448249440373	27.470613594431725	32.903263092041	21.0050525665283	[]	24.535107135772726	26.68853092193605	28.0575017929077
81	26.68627185821533	3.1788973808288006	26.014439451141715	27.426070345000884	32.5285568237305	21.7530727386475	[32.90326309]	24.902433395385774	26.7202548980713	28.081330776214575
82	26.715742149353026	3.2159643173217987	25.951559115844287	27.379650066894914	31.4062080383301	21.8609771728516	[32.90326309 34.49744034]	24.8263063430786	26.6656045913696	28.042270660400398
83	26.5864107131958	4.013685703277574	25.76922894010633	27.551558489703268	31.1488208770752	20.3476448059082	[35.29238129 34.49744034]	24.341856002807603	26.6603937149048	28.355541706085177
84	25.980619888305664	3.8768963813781525	25.362839580033754	27.084426044966246	30.2495861053467	18.7348861694336	[34.49744034 35.48512268]	24.031416893005375	26.2236328125	27.908313274383527
85	26.79399097442628	3.6236357688903986	26.106013521658888	27.715136304390917	32.5285568237305	21.8127021789551	[]	24.79561710357665	26.910574913024902	28.419252872467048
86	26.569456481933603	3.983912944793726	26.01032887212171	27.77943743952379	32.0846405029297	19.9632511138916	[35.29238129 34.49744034]	24.4855213165283	26.89488315582275	28.469434261322025
87	26.607511253356932	3.7961683273315003	25.538192494785648	27.22393061312455	32.903263092041	20.80739402771	[]	24.6383638381958	26.3810615539551	28.4345321655273
88	26.335521392822265	3.598826885223371	25.658274805727018	27.256380879697787	30.0955181121826	19.3891830444336	[35.29238129 35.48512268]	24.457203865051277	26.457327842712402	28.056030750274648
89	26.570923843383802	3.8788766860962234	25.780913187983437	27.503379033085963	32.5285568237305	20.6793670654297	[]	24.672750949859626	26.6421461105347	28.55162763595585
90	26.61009269714356	4.147423267364452	25.867924342748758	27.709641804101842	32.5285568237305	20.9785499572754	[]	24.2514743804932	26.7887830734253	28.398897647857652
91	26.796767883300785	2.831112861633276	26.128337847686282	27.38553048422292	32.0846405029297	22.3658065795898	[32.90326309]	25.3306908607483	26.7569341659546	28.161803722381578
92	26.541607704162594	4.183164119720473	25.63102775573618	27.488616409302917	32.903263092041	22.0993595123291	[]	24.0788836479187	26.55982208251955	28.262047767639174
93	26.601722412109375	3.2386021614075275	26.046602800396894	27.484746381732005	32.0846405029297	21.136646270752	[]	24.84311485290525	26.76567459106445	28.081717014312776
94	26.147133445739748	3.7243700027466247	25.264310454489323	26.918165589211778	32.903263092041	18.645881652832	[35.48512268 35.29238129]	24.17343235015865	26.09123802185055	27.897802352905273
95	26.74160545349121	3.3478922843933	26.10078715019569	27.587462437817006	32.5285568237305	22.1290225982666	[]	24.9190402030945	26.844124794006348	28.2669324874878
96	26.324323806762706	3.7911491394043253	25.425801549292576	27.109310831688926	30.0311603546143	19.7328472137451	[35.29238129 35.48512268]	24.281325340271	26.26755619049075	28.072474479675325
97	26.920678977966308	2.8061275482177734	26.14080618954793	27.38690377138957	32.0846405029297	22.3703441619873	[32.52855682 32.90326309]	25.347242832183827	26.76385498046875	28.1533703804016
98	26.56425483703613	3.929419517517129	25.784151649487924	27.529061698900776	32.903263092041	21.6435604095459	[]	24.359120368957523	26.65660667419435	28.288539886474652
