	mean	iqr	cilo	cihi	whishi	whislo	fliers	q1	med	q3
0	24.50599861145019	0.14437770843504794	24.458229340224495	24.575282775254106	24.717716217041	24.3661479949951	[]	24.4257574081421	24.5167560577393	24.57013511657715
1	22.63318875630697	0.7158441543578995	22.410177891388187	22.990544612274014	23.439338684082	21.8413219451904	[20.98118019]	22.35033893585205	22.7003612518311	23.06618309020995
2	24.907912826538105	0.3271417617798029	24.901935518834886	25.167163907434716	25.2642860412598	24.2648868560791	[]	24.7521629333496	25.0345497131348	25.0793046951294
3	24.14077962239584	0.849049568176298	23.77674285629752	24.46510513564588	25.0478096008301	23.4255352020264	[]	23.7240056991577	24.1209239959717	24.573055267334
4	24.129744593302412	0.5966806411743022	23.829443709263618	24.313199265589983	25.1669597625732	23.5034294128418	[]	23.802547454834	24.0713214874268	24.3992280960083
5	24.137039947509766	0.2716369628905966	23.979823121377752	24.20005129878825	24.636474609375	23.692195892334	[23.50342941 24.8054657 ]	24.000932693481452	24.089937210083	24.27256965637205
6	28.89602622985839	0.2923593521118022	28.859034228850927	29.096062969635472	29.3581943511963	28.795129776001	[27.52290916 28.36523628]	28.858693122863748	28.9775485992432	29.15105247497555
7	28.00159289042155	0.07369232177729756	27.966981959309212	28.026727604899786	28.1154174804688	27.9193630218506	[]	27.9644927978516	27.9968547821045	28.0381851196289
8	26.189461135864256	0.1944541931152024	26.12761554414513	26.28526821439987	26.4452896118164	25.8467330932617	[25.41948128 26.82416916]	26.112625122070348	26.2064418792725	26.30707931518555
9	25.691362253824877	0.5332860946654989	25.414517862596636	25.846876638135765	26.4367065429688	24.950159072876	[]	25.4841890335083	25.6306972503662	26.0174751281738
10	30.849607976277664	0.37289810180664773	30.76076753910428	31.063092629352724	31.1488208770752	30.5562515258789	[]	30.6574773788452	30.9119300842285	31.03037548065185
11	28.69365590413412	0.5265645980834996	28.43138174625095	28.85829110531165	29.4836959838867	28.202465057373	[27.61257553]	28.4535264968872	28.6448364257813	28.9800910949707
12	29.906836064656584	0.9597415924071981	29.491419567869674	30.269524798585326	30.5562515258789	29.3034572601318	[]	29.4512815475464	29.8804721832275	30.4110231399536
13	30.770537312825525	0.5579004287719478	30.532545875873037	30.98486058774996	31.4062080383301	30.1733779907227	[]	30.4724750518799	30.7587032318115	31.03037548065185
14	28.294267272949227	0.9904909133911488	28.197517726058173	29.000552800064824	29.1006298065186	26.8422946929932	[]	27.830968856811502	28.5990352630615	28.82145977020265
15	29.70883038838704	0.41760730743405006	29.36988098746106	29.708453820888543	30.4315071105957	29.0646915435791	[31.40620804]	29.3885307312012	29.5391674041748	29.80613803863525
16	27.565571848551436	0.4506177902221502	27.414198657042988	27.779534558289015	28.202465057373	26.6928367614746	[]	27.3315944671631	27.596866607666	27.78221225738525
17	27.99900271097821	0.6235799789428498	27.649382435804885	28.154946482652118	28.6669807434082	27.1925373077393	[]	27.73409080505375	27.9021644592285	28.3576707839966
18	32.5489232381185	0.0	32.5285568237305	32.5285568237305	32.5285568237305	32.5285568237305	[32.0846405  32.90326309 32.90326309]	32.5285568237305	32.5285568237305	32.5285568237305
19	32.984561157226565	0.0	32.903263092041	32.903263092041	32.903263092041	32.903263092041	[32.52855682 34.49744034]	32.903263092041	32.903263092041	32.903263092041
20	27.35423278808595	0.22716426849365234	27.3677642190723	27.5519364034863	27.69140625	26.9954128265381	[26.62961006]	27.25602912902835	27.4598503112793	27.483193397522
21	24.032129669189445	0.7007255554199503	23.787266787556575	24.355376187297026	24.9867534637451	23.4611377716064	[22.4457016]	23.712607383728	24.0713214874268	24.41333293914795
22	24.895965830485036	0.7233209609985494	24.715263914247643	25.30169241509816	25.7289772033691	24.0262832641602	[]	24.4971809387207	25.0084781646729	25.22050189971925
23	25.511488087972	0.4887781143188974	25.211054044265534	25.607328218918067	26.3948707580566	24.759693145752	[]	25.2557506561279	25.4091911315918	25.7445287704468
24	22.863094711303706	0.3712167739868022	22.636365179417403	22.937327142359997	23.2647686004639	22.4573860168457	[22.1196537  23.95599747]	22.67774963378905	22.7868461608887	23.04896640777585
25	23.816740163167324	0.14722251892089844	23.754569113934384	23.873928963458216	24.0103874206543	23.5607738494873	[]	23.7563123703003	23.8142490386963	23.9035348892212
26	24.288968149820963	0.20929336547844812	24.160120968341868	24.32980441617953	24.5647754669189	24.0420093536377	[]	24.18633842468265	24.2449626922607	24.395631790161097
27	26.216408538818346	0.4420623779297017	25.93761192848601	26.29601157615259	26.7844982147217	25.4194812774658	[27.52290916]	26.00580501556395	26.1168117523193	26.447867393493652
28	24.68456789652508	0.6730318069458505	24.40554872894013	24.95120557403847	25.449010848999	23.6375713348389	[]	24.3660430908203	24.6783771514893	25.03907489776615
29	27.454001235961915	0.4970788955687979	27.178785176654603	27.581789164165794	28.2288360595703	26.9547500610352	[]	27.2283697128296	27.3802871704102	27.7254486083984
30	27.510578282674153	0.4153051376342489	27.254393477378976	27.591099839271422	28.2288360595703	27.0507926940918	[]	27.31014347076415	27.4227466583252	27.7254486083984
31	28.965697224934893	0.6743459701538015	28.70418745138848	29.250909747097918	29.4188671112061	28.2199382781982	[]	28.656479835510247	28.9775485992432	29.33082580566405
32	26.040277099609373	0.7565488815307511	25.720272630663906	26.333640485791094	27.1019287109375	24.8540725708008	[]	25.64805030822755	26.0269565582275	26.4045991897583
33	25.10291531880697	0.8712491989135991	24.681369459046227	25.387729967223375	25.7995319366455	24.1501216888428	[]	24.75984477996825	25.0345497131348	25.63109397888185
34	26.909081649780262	0.1395196914673491	26.845895056659565	26.959009881084633	27.0507926940918	26.702278137207	[27.34549904]	26.8141994476318	26.9024524688721	26.95371913909915
35	22.845204798380532	0.6679582595824982	22.742949718860512	23.284493213268487	23.4751396179199	22.0241317749023	[]	22.49457168579105	23.0137214660645	23.16252994537355
36	27.544439824422206	0.5358753204345525	27.542544266331305	27.977002242457694	28.1829261779785	26.5724334716797	[26.3520565]	27.37429809570315	27.7597732543945	27.910173416137702
37	23.207316335042332	0.15608692169189808	23.06095803078171	23.187504646220294	23.2326412200928	22.9214687347412	[23.72545624 23.72545624 23.46663284]	23.058819770813	23.124231338501	23.214906692504897
38	21.37463378906249	0.6788129806518484	20.84010247933938	21.39044637930322	22.4635314941406	20.8615493774414	[]	21.00197315216065	21.1152744293213	21.6807861328125
39	29.550105031331388	0.11570167541509946	29.49226515488432	29.586069653465284	29.6591415405273	29.4188671112061	[29.80482292]	29.4836959838867	29.5391674041748	29.5993976593018
40	30.199636840820325	0.07620811462400212	30.218693449927244	30.280478760766158	30.3264636993408	30.0955181121826	[29.80482292]	30.1733779907227	30.2495861053467	30.2495861053467
41	26.71897621154785	0.6463079452514009	26.47798157251367	27.001972193355527	27.596866607666	25.4764995574951	[]	26.3976221084595	26.7399768829346	27.043930053710902
42	26.668827056884762	0.6947326660156001	26.39313928441169	26.956389981945712	27.3309478759766	25.9228115081787	[]	26.31107234954835	26.6747646331787	27.00580501556395
43	27.51271616617838	0.8399486541748473	27.067406067593268	27.74838983084433	28.2457008361816	26.4278182983398	[]	27.190684318542452	27.4078979492188	28.0306329727173
44	26.655008188883457	0.6480436325073029	26.35706351077317	26.88246133053543	27.7741317749023	25.7353000640869	[]	26.29062366485595	26.6197624206543	26.938667297363253
45	28.267750295003246	0.33523559570310013	28.029302162412097	28.3010925824609	28.8203659057617	27.7241764068604	[29.13374519]	28.0307788848877	28.1651973724365	28.3660144805908
46	25.751439921061202	0.7765722274780487	25.5388196926738	26.1684213656758	26.6928367614746	24.5647754669189	[]	25.3738203048706	25.8536205291748	26.150392532348647
47	28.38995463053386	0.2459220886230007	28.301862208229984	28.501242192404817	28.7404289245605	28.2720012664795	[27.44470024]	28.2969484329224	28.4015522003174	28.5428705215454
48	26.902269872029628	0.5205984115600977	26.681864313884642	27.103936619953156	27.7069683074951	26.1300754547119	[]	26.59251499176025	26.8929004669189	27.113113403320348
49	27.842606735229495	0.4058647155762003	27.625766444117765	27.954819035618634	28.6669807434082	27.4153499603271	[26.31189346]	27.6839437484741	27.7902927398682	28.0898084640503
