	mean	iqr	cilo	cihi	whishi	whislo	fliers	q1	med	q3
0	26.798686970791213	4.425169184556683	26.078073835108594	28.043127997959598	33.374791485923296	22.03679019232552	[]	24.517202893131564	27.060600916534096	28.942372077688248
1	26.70468478997796	4.141648634668563	26.224384644926797	28.06353780522274	31.560689775060386	19.27328623590024	[18.69066279]	24.993883389997922	27.14396122507477	29.135532024666485
2	26.331320047008322	4.20342086569643	26.099960212326337	27.966544138468137	33.514267824371906	19.538367997756826	[14.52387709 17.53586794 17.57031618]	24.56529892340664	27.033252175397237	28.76871978910307
3	26.454878121715875	5.155967475651931	25.49463208058302	27.784206767786582	33.526909658000335	17.02637767353153	[]	24.25438789642001	26.6394194241848	29.41035537207194
4	26.165143628005502	4.479611878378819	25.813165500730765	27.802395652718044	34.98230927801649	17.531078942419875	[35.46052341]	24.169092608075488	26.807780576724404	28.648704486454307
5	25.82768028746607	4.061348888749013	24.774031776269958	26.577526785789253	31.46677229417449	19.124704860716257	[17.68885996 15.86728134 17.70065005 35.27511499 35.27696378]	24.48855462245803	25.675779281029605	28.54990351120704
6	26.848733597422914	4.52285065263321	26.119842826743625	28.128273721075775	33.14167098788233	20.375252292390456	[]	24.50688796382159	27.1240582739097	29.0297386164548
7	26.376777211915236	4.5044126599431245	25.64364731585033	27.643890578754352	32.564903449617056	20.69634040993945	[]	23.990172020941795	26.64376894730234	28.49458468088492
8	26.521618764188656	5.4037812109552945	25.629605646758986	28.02922525922077	32.80937734921485	20.374220793263127	[]	23.932103914091535	26.829415452989878	29.33588512504683
9	26.93371878875983	3.6079948763325937	26.644271722136903	28.246448962280713	31.57500920103693	21.102185034162627	[]	25.186098362910737	27.445360342208808	28.79409323924333
10	26.44044043140874	4.333176159950508	25.33493994571472	27.259143404690608	32.40013378445995	19.879030706775037	[]	24.67067099713246	26.297041675202664	29.00384715708297
11	26.26873018904969	4.425339729650631	25.374148401784534	27.339278297411585	31.873964138137254	20.20106496971605	[]	23.98597242095785	26.35671334959806	28.41131215060848
12	25.61823488267217	4.217230855630582	24.993273038287743	26.865989470798734	33.89296256644822	18.789265961419996	[15.49635763 16.04816999 16.6957146  17.85929423]	24.28897129707852	25.92963125454324	28.5062021527091
13	26.583997048121823	5.051395107900667	25.440525410178566	27.68366337191501	34.49378444978339	20.21502391997218	[]	24.126905633163297	26.562094391046788	29.178300741063964
14	27.21575871306387	4.55096735712851	26.47845583853335	28.499372322661017	32.82558920929819	18.44244281026117	[]	24.926495826792994	27.488914080597183	29.477463183921504
15	26.88557825983742	3.8994152323367928	26.195148050557723	27.92673430532273	33.27808289996321	20.67237242902143	[]	24.927649923656787	27.060941177940226	28.82706515599358
16	26.669477363311326	4.2056675613809205	25.962928429887086	27.830510030586254	33.5443425158901	20.577682680507987	[]	24.365482991012215	26.89671923023667	28.571150552393135
17	25.828593450370757	3.8045047395117173	25.343162266130058	27.032602277159334	31.01053499926501	19.10748831255282	[14.26746159 17.58680015 35.02733065 34.58412878]	24.286984717767375	26.187882271644696	28.091489457279092
18	26.589742351790324	4.689183940152169	25.51857378368007	27.600867146412412	33.17630772195505	19.67762747555592	[]	24.332947522758023	26.55972046504624	29.022131462910192
19	26.024260134224736	3.9702951794766257	25.25463662314183	27.01769804402611	31.22151293068641	19.43479325269738	[16.3151742  16.28898661 35.83483779 35.27861041]	24.327252426861325	26.13616733358397	28.29754760633795
20	27.039857748481968	4.5450842043355735	25.996257027998514	28.01456102130283	32.95226162117183	19.84262147759033	[]	24.982402230638556	27.00540902465067	29.52748643497413
21	26.57120201235223	4.4439739823653035	25.928286366785244	27.90169104566722	31.361329169426124	17.955342653368945	[]	24.44232744048679	26.914988706226232	28.886301422852092
22	26.547653635667107	3.7424261878686913	25.841667793372373	27.503541012886515	32.840790522788495	21.002528432895804	[]	24.516942824284623	26.672604403129444	28.259369012153314
23	25.632955903132697	4.582535742951695	24.69297665904514	26.727911497136052	33.792235562583855	17.46963701126822	[]	23.57896996852194	25.710444078090596	28.161505711473634
24	26.391128197405465	4.1071228786977265	25.987085515564758	27.81090706306432	34.64031018671101	18.71162888129181	[17.86403143]	24.66020905001783	26.89899628931454	28.767331928715556
25	27.16163089776743	3.014026789991213	26.591725891556603	27.93014384657769	32.534582063749006	23.07951597368335	[19.41622577]	25.585148538786086	27.260934869067146	28.5991753287773
26	25.905987118882322	4.98151424546025	25.048704522848258	27.26081097507284	35.81794777756263	17.209801037709962	[]	23.43312120268358	26.15475774896055	28.41463544814383
27	26.936441934921096	4.561051653301686	25.282430343761153	27.307824891291165	34.3343491066086	19.166479026122325	[]	24.693053149661917	26.29512761752616	29.254104802963603
28	26.670715541569177	3.689716202663668	25.937613570336193	27.576080232602212	33.65118458296591	19.44901629052836	[]	24.89097773475069	26.756846901469203	28.58069393741436
29	25.768982696713042	4.83826416266151	25.015641322996704	27.1641357053111	34.55980150505816	17.00104951240353	[]	23.844468014698467	26.089888514153902	28.682732177359977
30	26.25847258892095	5.019877854091963	25.52735931890834	27.756501632520283	32.25150052320982	18.652308699425557	[]	23.946283685775942	26.64193047571431	28.966161539867905
31	26.24023157502287	3.8923347297067608	25.90058820822118	27.629030273331978	31.92864723826559	19.81927066702486	[18.50620119 17.76966757 17.32506459 35.02194511 34.46026359]	24.528166319371522	26.76480924077658	28.420501049078283
32	26.812635172859487	3.9561019276219724	25.820525297407755	27.577284019462184	32.3956056878673	21.491698234672437	[]	24.728562003914668	26.69890465843497	28.68466393153664
33	27.00852681516986	3.731292648773163	26.334726344116984	27.991655570207488	33.99033311530264	22.7672270697173	[34.82091055]	24.969173052365377	27.163190957162236	28.70046570113854
34	26.756041039556315	4.4926000486169535	25.865407672150642	27.86040539073929	33.26305635898163	18.95185126216601	[]	24.448984264197136	26.862906531444967	28.94158431281409
35	26.459048315035066	4.933415690398846	25.769826682387876	27.960574343138365	33.121599347472014	18.441436496230093	[]	24.185890113024048	26.86520051276312	29.119305803422893
36	25.694578039376367	4.117164758906235	25.769741114447562	27.598021889986462	34.02872678500201	18.48957800106797	[16.09011189 17.14171362 16.3499222  16.87707839]	24.326419726690148	26.683881502217012	28.443584485596382
37	26.51529926487878	4.634637821860135	25.407898936864992	27.46597038347463	33.51441283117257	19.705020569576597	[]	24.19308286414381	26.43693466016981	28.827720686003946
38	25.093985498552094	5.682393375561553	24.26855961898643	26.7919006014223	34.44454859037258	16.765909775341946	[]	22.429027347836367	25.530230110204364	28.11142072339792
39	26.658433588589524	4.881297284003086	25.85017739812002	28.017781199917824	33.20533690963352	17.20479351842269	[]	24.108535318211782	26.933979299018922	28.989832602214868
40	26.363256462160933	4.797372801185073	25.739879929068543	27.870215968336005	35.93163293074513	17.028423370702445	[16.28306377]	24.06918911553291	26.805047948702274	28.866561916717984
41	25.496361565123653	4.607793396340885	24.870438817093827	26.916589646001427	34.188922704958685	17.799764888698622	[15.59183672 16.11377235]	23.873054292995928	25.893514231547627	28.480847689336812
42	25.620594772524736	5.466026360592014	24.758113521753213	27.185373905744772	35.13603160330544	16.59042585914492	[13.73751983]	23.24700748028958	25.971743713748992	28.713033840881593
43	27.12085710368256	4.9645263062578024	26.308755743921225	28.513318479904513	34.19949843959998	21.87709264977872	[]	24.573338981954198	27.41103711191287	29.537865288212
44	26.736286238910374	3.836667402587164	26.0300162288618	27.733738490428603	31.701658926493987	19.26637847394492	[35.18689772 36.26186431]	24.43942758127898	26.881877359645202	28.276094983866145
45	26.136746288949485	4.926224304832573	25.630785939759118	27.818340171839584	35.396322243657885	18.126123840904075	[15.48571758 36.36509692]	23.767910467596664	26.72456305579935	28.694134772429237
46	26.551667534094204	4.203302604306305	26.163451247876306	28.029982658503496	31.46195218143815	18.84004249370524	[]	24.571806160721867	27.0967169531899	28.775108765028172
47	26.507508374536457	4.675577916130074	25.46596766604083	27.54221909613074	32.956032873247324	21.305579688662156	[]	24.100781889301885	26.504093381085784	28.77635980543196
48	26.638527528910913	4.480326574235367	26.119577425811148	28.10912494782644	32.97447740349745	20.328526706274083	[]	24.171541125097963	27.114351186818794	28.65186769933333
49	26.352157937070967	3.557492999192533	25.294529907594292	26.87428112971099	31.81178986456	22.06970249575889	[18.22842524 33.18121189]	24.26770709348683	26.08440551865264	27.825200092679363
50	26.713165778470174	4.444156903568945	25.824382370186044	27.797868277617184	33.7364432375087	19.938314095434084	[]	24.127830814660076	26.811125323901614	28.57198771822902
51	26.636461535140842	3.8206642290918396	26.060075670561208	27.75669151395861	32.130557800821215	21.30886584416538	[]	24.68899870777123	26.90838359225991	28.50966293686307
52	26.666443393747137	4.660724627264386	25.789504175612407	27.859159808818575	34.821484286842235	20.48063251009456	[]	24.03118348642367	26.82433199221549	28.691908113688058
53	26.335595909487193	5.492998084575696	25.068781811658415	27.508019341897477	35.495080539628624	19.76178776820275	[]	23.686336515087667	26.288400576777946	29.179334599663363
54	25.660894593751706	3.8615970157029302	24.605079870098653	26.319872451914993	33.266853627886405	19.61400515002505	[17.75981585]	23.97789605508963	25.462476161006823	27.83949307079256
55	26.607992444889806	5.1489053980067006	25.561830540469213	27.848269219873668	34.789293992016255	18.09442120565153	[]	24.115416955650733	26.70504988017144	29.264322353657434
56	26.236898837922116	4.515877821693131	25.16599027808737	27.171324795785274	32.15525152562528	19.316116072764164	[]	24.036030764391437	26.168657536936323	28.55190858608457
57	25.68743608108905	3.317988641787462	25.352512609447377	26.825908794070312	30.84389538036144	19.160626359081583	[19.12416733 17.68464223 19.0830495  34.76645085 33.92502103]	24.114761154607404	26.089210701758844	27.432749796394866
58	26.678851207567767	4.168854519998405	26.1914688173877	28.042703106334727	32.76194256586852	20.89833824360181	[16.73342892]	24.56989722744094	27.117085961861214	28.738751747439345
59	26.783316314845802	4.411839757228293	26.195155603993847	28.154290660576216	31.92890704678116	18.120851356620427	[]	24.569466082007512	27.17472313228503	28.981305839235805
60	27.147202978852064	4.718546741939029	26.25976952554835	28.355101823850802	35.95109345733845	18.650089264219503	[]	24.57870497124222	27.307435674699576	29.29725171318125
61	25.845770291751336	4.766000195430394	25.633047907759316	27.74945253175957	32.86551343812616	19.16034460535718	[14.92917591]	23.687556069036496	26.691250219759443	28.45355626446689
62	26.641403011709013	3.6674683534541543	26.233984544026903	27.862571758326006	31.19641034414672	20.83663097436067	[18.42931124]	24.96257927111477	27.048278151176454	28.630047624568924
63	27.19021882352025	4.612143409476772	26.649981302649234	28.69806381169484	32.56598504726141	19.17664304923409	[]	24.737207702201108	27.674022557172037	29.34935111167788
64	26.66142158757571	3.7128239266596808	26.512333846348422	28.161061795209054	31.66087244816062	21.362733767732216	[18.40238485]	24.726062895737815	27.33669782077874	28.438886822397496
65	26.710154672234765	3.615398958617451	26.300704062551233	27.906169182120472	31.94416085256835	20.753994962702823	[]	24.953222927352602	27.103436622335852	28.568621885970053
66	26.36437218713442	4.621315973400144	25.75208631585765	27.804242021694133	33.266684331526804	18.763967166274888	[]	23.65047207655433	26.77816416877589	28.271788049954473
67	26.541289837481497	3.8125479977954733	26.037499604644527	27.730511329548282	33.258187918771924	20.036359506637535	[34.15963166]	24.22283996942379	26.884005467096404	28.035387967219265
68	26.959865424951232	3.6923779134374612	25.803811874190387	27.443460503883685	33.0702530218492	21.03387137596388	[]	25.14727208444991	26.623636189037036	28.83964999788737
69	25.750262375261876	3.795838608164331	24.598543638497922	26.284135340734984	30.88841285817969	18.9748624935418	[33.96286915 33.68458421]	23.808108708060942	25.441339489616453	27.603947316225273
70	26.400536646982186	3.507307387675098	25.690711000102077	27.24817664607138	30.761193773817556	21.916217516701185	[18.53396873]	24.829644902630186	26.469443823086728	28.336952290305284
71	25.49663226470469	5.7521072689106205	24.2069010087381	26.761199355880436	33.16980078688276	19.39030873016234	[]	22.910940453375062	25.484050182309268	28.663047722285683
72	25.4686112001648	5.090061796784038	24.867405477061315	27.12771388692867	34.964080557877665	16.469513169174736	[14.70193031 36.43523135]	22.916624802314914	25.997559681994993	28.006686599098952
73	26.394189227585215	4.661386261893185	25.506409592540642	27.57635903324374	34.60054590453051	17.733108841033573	[]	23.728160547467276	26.54138431289219	28.38954680936046
74	26.857713549799755	4.261020145742894	26.088820145462073	27.980981784073613	32.7061579022613	21.47709037596023	[]	24.521376410522553	27.034900964767843	28.782396556265446
75	25.2471565582178	4.660938636711737	24.251525423361592	26.321276090257513	33.539283804606015	17.049131071923767	[]	23.190362183928	25.286400756809552	27.851300820639736
76	25.647030217816543	4.760081460197302	24.99103207585331	27.104808408183004	33.84613801024927	16.628916004834128	[]	23.635041758522636	26.047920242018158	28.395123218719938
77	27.06609188962932	4.225557422263517	26.19647541360834	28.072889366765864	32.41600225372105	18.911113585956567	[]	24.996706243165786	27.134682390187102	29.222263665429303
78	26.528533849806053	4.165665894652076	25.499922940502536	27.34974127872559	32.68846775526332	21.926513619730887	[]	24.43514069987369	26.424832109614062	28.600806594525764
79	26.83296486590561	4.029523811511353	25.76063188838193	27.54999455676336	32.85193515846992	18.93434239815693	[]	24.958147739192295	26.655313222572644	28.98767155070365
80	26.627710934730494	3.3425207159427686	26.083789479689344	27.56807945219512	32.74640940088522	21.84139849897704	[18.57641397 33.5143516 ]	24.860526813750703	26.825934465942233	28.20304752969347
81	26.529636744284694	4.306757144411421	25.957707401952433	27.870179152083224	34.04811304530794	21.681400824771007	[]	24.05998176727702	26.91394327701783	28.36673891168844
82	26.58032158186045	3.506324487464628	25.923233476919897	27.480262653215455	32.06576045755134	21.639210126806237	[33.79594321 33.65711465]	24.456597270764252	26.701748065067676	27.96292175822888
83	26.04459892175932	4.447494835860077	25.343774055947385	27.31874221580108	33.50433556179211	18.036010291910895	[]	24.07297950826844	26.331258135874233	28.520474344128516
84	24.95007723791423	4.559373028422726	24.2059416245893	26.230590756821343	32.110716270556324	16.888092167793655	[15.16465465]	23.23195742100301	25.21826619070532	27.791330449425736
85	26.743616109733576	3.55379793344283	25.753121407936	27.331231787854215	32.39103660044839	20.06050622387278	[]	25.1109418007283	26.542176597895107	28.66473973417113
86	26.029587039669995	4.995622319283445	25.48257719297564	27.700948519612894	35.590550472152586	18.26934054256356	[15.84998584]	23.717348036460752	26.591762856294267	28.712970355744197
87	26.23470621955672	4.385102330028232	25.331399601211142	27.278661554092356	33.837645580907335	18.06369537835846	[]	23.832682290257928	26.30503057765175	28.21778462028616
88	25.597588366600533	4.182743839794167	25.24123791838462	27.09863994116182	33.129640283333565	18.42458014865681	[16.34312788]	23.74825284817378	26.16993892977322	27.930996687967948
89	26.18906384552853	4.907922065174965	25.601053199006284	27.780480082565436	32.512379873656435	17.681416292222522	[]	23.981535695067937	26.69076664078586	28.8894577602429
90	26.462637108863905	4.670734838938518	25.84458308257868	27.918683880997946	31.77616803997805	19.026914061234955	[]	24.00346315424206	26.881633481788313	28.674197993180577
91	26.719008396766753	2.9188712050524863	25.867688882638735	27.163851757570473	31.82483999870509	21.374648573749912	[33.05729613]	25.251230683690007	26.515770320104604	28.170101888742494
92	26.462841021951352	5.156865564953421	25.539112011353406	27.829085506839068	33.587397045649965	20.703360714301287	[]	23.636188316716076	26.684098759096237	28.793053881669497
93	26.484950168326026	3.7338015384206535	25.79404545248745	27.452088783788472	31.586799567783487	19.56313826119725	[18.76424087]	24.480037128193167	26.62306711813796	28.21383866661382
94	25.61426208373868	4.813555456554816	25.17130316611272	27.308825324819697	34.406733466995675	16.36607766905603	[14.25116928 35.71320892]	23.51939591945915	26.240064245466208	28.332951376013966
95	26.464943770327867	3.781148295701854	25.753223556507333	27.43229183366073	31.339217534702687	21.03756114669466	[]	24.55907943465035	26.592757695084032	28.340227730352204
96	25.56228871152413	4.181001460535359	25.173829332482157	27.030457628996473	33.05320607799252	18.16580252175748	[17.41685277 17.55135287]	23.87764787760209	26.102143480739315	28.05864933813745
97	26.803916793171783	2.807825464189424	26.327127936721702	27.573979500322935	31.86417524364441	21.445828555490056	[32.8019923]	25.109842844913178	26.95055371852232	27.917668309102602
98	26.542689285744387	4.960299515835825	26.061176287442503	28.263862061943005	34.31991562240855	19.847812300959724	[]	23.562493239048862	27.162519174692754	28.522792754884687
