	mean	iqr	cilo	cihi	whishi	whislo	fliers	q1	med	q3
0	24.066879848127524	1.3918256714125796	23.878319390613665	24.317554344267375	26.85586214697314	21.358720382536067	[21.33538091 21.25989212]	23.429811560247185	24.09793686744052	24.821637231659764
1	21.099912231777335	1.6020624535386503	20.76680237962347	21.272384250962446	23.56166233578659	18.66613229753476	[]	20.402203741802744	21.01959331529296	22.004266195341394
2	20.559163264643516	1.787793837389092	20.315026736828575	20.879222066342084	23.903740540443327	17.617096473336236	[16.92639376]	19.68342504764707	20.59712440158533	21.471218885036162
3	20.232833666960094	1.392153476731199	20.026041672673053	20.465380075743518	22.957105786385966	17.708702194543292	[6.36285527]	19.710121446153657	20.245710874208285	21.102274922884856
4	28.107610886158678	1.3172788874444876	27.773803797541966	28.18951313741099	30.341904029067862	26.085567153191064	[31.36591535 31.3028961  30.96403609]	27.48641228105354	27.98165846747648	28.803691168498027
5	21.418041730880386	1.3174154841125763	21.216109286548427	21.63186173384995	23.93428573114667	19.001142563531342	[18.79611355]	20.793346861860833	21.423985510199188	22.11076234597341
6	20.39803771010377	1.5702391621801155	20.333054426159148	20.828593443574622	23.197719543114957	17.72141295368707	[9.78698733 6.81094584]	19.923958661017295	20.580823934866885	21.49419782319741
7	20.91653777920523	1.4688391804340526	20.81364015117115	21.27717917232451	23.561426263152025	19.06040607623654	[18.0515087   6.61042823]	20.28603077296438	21.04540966174783	21.754869953398433
8	20.661944540871318	1.4219949897321094	20.582675581505402	21.03143142517143	23.3698453347512	18.288727228058917	[10.14366347]	20.04329696962413	20.807053503338416	21.46529195935624
9	26.100473508984283	1.0895357434964055	25.909934102731256	26.253771834444457	27.86390952702401	24.333863539092683	[]	25.55883714618922	26.081852968587857	26.648372889685625
10	24.77968105416417	1.7252080566136918	24.703047336265218	25.24749172779642	27.932746122060067	21.600795190795093	[19.97895649 20.19042147]	24.047168503687423	24.97526953203082	25.772376560301115
11	27.82223594231817	0.8724291899831478	27.71354492978365	27.988867768483324	29.199563218077245	26.176372055456454	[25.07815753]	27.414750545807607	27.851206349133488	28.287179735790755
12	28.66622591358895	1.2643254523186656	28.339074291692942	28.73807248727068	30.98166018130307	26.6264685313001	[26.07445652 32.57474981]	28.062633826057912	28.53857338948181	29.326959278376577
13	26.520491495674708	0.6798356883623669	26.438531384588796	26.65307520512842	27.848620636085773	25.329426202046506	[25.13226559 20.03178441 28.04752763]	26.22520939310693	26.545803294858608	26.905045081469297
14	26.91578563895625	1.8726491089409905	26.760552868739648	27.351526983867554	29.559983054747597	23.81024150848548	[]	26.08477743659317	27.0560399263036	27.95742654553416
15	24.28679656830135	6.818039152441969	23.872886207797045	26.024535780471368	36.26972961863978	12.337275711093382	[]	20.928110241920848	24.948710994134206	27.746149394362817
16	18.825949868416085	1.6024096331881807	18.271007660084468	18.776699095027855	20.574103050429663	16.28291388657884	[28.69591506 21.99698887 27.75564124 22.89069329 27.6934621 ]	17.725255276611712	18.52385337755616	19.327664909799893
17	17.589169495630337	1.3623325479442983	16.826533086704515	17.256460545184247	19.43025607234576	14.760110592456243	[35.1531156  20.71472692 34.89709268 21.36076775 29.83373586]	16.341446477495065	17.04149681594438	17.703779025439363
18	28.687737009282177	1.9484767257848183	28.44243641382099	29.057340350372773	31.27562147086361	25.39908151361649	[]	27.890440787977848	28.74988838209688	29.838917513762667
19	28.45459222653424	0.3954260874314741	28.40229215809518	28.527081463791887	29.169154901307284	27.682442229568828	[29.4323291]	28.24137209084254	28.464686810943533	28.636798178274013
20	27.494992161889087	3.2345852729608424	27.585209294543215	28.60598577656916	30.23232203085203	22.771243895850173	[]	26.003891170424183	28.095597535556188	29.238476443385025
21	29.767619724309387	0.5478960450327399	29.69857657520997	29.871482635853873	30.808423661257297	28.841750488629422	[28.30152886]	29.497214603356024	29.78502960553192	30.045110648388764
22	26.978230213922384	1.468015365665316	27.204765188036642	27.66804422818146	30.20291955110871	24.739216483787388	[2.59855358 6.4278676 ]	26.652720477275686	27.436404708109052	28.120735842941002
23	27.48014153012014	1.3953530483822476	27.167451260773515	27.607799390661587	29.963993226052544	25.243449184488448	[30.4192461]	26.884393994352017	27.38762532571755	28.279747042734265
24	26.849122631579213	1.3268619905719028	26.725484509781403	27.144218103294037	29.09540184135474	24.355586644129254	[]	26.176757196834767	26.93485130653772	27.50361918740667
25	27.041045919397945	1.8684022354826162	26.681624327283465	27.271258206126774	29.75821328557741	24.204819294085915	[]	26.182664717600378	26.97644126670512	28.051066953082994
26	26.981468117409708	1.399758712886623	26.838212479496686	27.279950957245223	29.303571671606512	24.52568612803698	[29.73195997]	26.230845982994275	27.059081718370955	27.630604695880898
27	28.47854460159229	0.9904524731717679	28.55821603434441	28.87078488192737	30.246368555546503	26.7032795183862	[21.65508734 21.91880106 26.31020129 26.63223791 25.20407092 25.60525014]	28.18668526823094	28.71450045813589	29.177137741402706
28	26.652624776396504	1.6012700678673681	26.413577526466305	26.918909335250213	29.400581061769	23.631785608211853	[30.11090221]	25.840214765073558	26.66624343085826	27.441484832940926
29	27.88635064650354	2.3113639790348444	27.715053010041764	28.444477586021783	30.983889526194798	23.485338645964617	[23.26250767]	26.790702255822815	28.079765298031774	29.10206623485766
30	26.20243614747814	1.535074630849234	25.932249415441678	26.416691144161728	29.2055275545578	23.88049061494813	[]	25.444550484153485	26.174470279801703	26.97962511500272
31	27.27107396614531	2.0338258939913842	27.08262221486283	27.72446080186085	30.412389927027903	24.093750256949097	[]	26.253080572106995	27.40354150836184	28.28690646609838
32	28.38014042817821	0.6236612198482234	28.36716098023907	28.56397715673453	29.66523092564566	27.21931870872348	[26.65561633 26.64323168 26.85185431 25.9938026  26.69920994]	28.13084524777056	28.4655690684868	28.754506467618782
33	20.860872732021985	8.056539697051605	16.61048105490302	19.152978950384615	35.86126608996303	13.290184213345452	[36.63018764]	15.843781287382779	17.881730002643817	23.900320984434384
34	29.252887502334396	1.713312326491728	28.869622798097442	29.41031311282425	31.571498583229957	26.14571387331396	[]	28.40056357317002	29.139967955460847	30.11387589966175
35	24.977416310909607	1.9949206331039484	25.154082838870092	25.783643630729134	27.922996737915	21.192394802698423	[20.85287866 20.74457095 12.60585516 29.2928937  29.35827743]	24.122650065615378	25.468863234799613	26.117570698719327
36	23.711499903281087	1.4381228795234229	23.4271038660761	23.880949379425996	25.957679058988404	21.356925575930408	[27.13057173]	23.05591054947846	23.654026622751047	24.494033429001885
37	24.592009069604	2.0828099487305103	24.54446652326826	25.201763590056547	27.911209233593443	20.982589117515957	[20.08196627 19.48504559 20.52248411]	23.769635915221425	24.873115056662403	25.852445863951935
38	23.52982725007855	1.7287285725022343	23.25170031016825	23.79725571270097	26.45539826081099	20.1873774742425	[27.55740443]	22.653084356725664	23.52447801143461	24.381812929227898
39	23.677133310784203	1.2024819448303923	23.484334649552103	23.863816155142494	26.101047967886657	21.312589560853013	[26.13849224]	23.10351582492939	23.6740754023473	24.30599776975978
40	23.54646488417335	1.4219990886633553	23.27262950160367	23.721386638818107	26.31883937794308	21.07290041252143	[]	22.833947253546363	23.49700807021089	24.255946342209718
41	23.442118340483237	1.3673621479295726	23.119334091134647	23.550848800203156	26.09668714792753	21.06929967273173	[]	22.764645167604925	23.3350914456689	24.132007315534498
42	23.800076809487898	1.3078294015230512	23.66251518202532	24.075242435419003	26.10044339119865	21.33904284928018	[27.521498  26.7553972]	23.088067213807104	23.86887880872216	24.395896615330155
43	24.07573563876696	0.7947042497446546	23.90098193770201	24.15177619410535	25.638720047068485	22.59283441854186	[22.35179637 26.07784252 25.79327066 25.72172583]	23.65829204409119	24.02637906590368	24.452996293835845
44	23.77712678862389	1.6888494023819014	23.316298050468905	23.84926830976183	26.95286493610232	20.699649017254536	[27.08004819 27.06300446 27.35374224 27.03403467]	22.770781763580953	23.582783180115367	24.459631165962854
45	23.38357338740056	1.657714080475973	22.987467313595484	23.510611829654007	26.4406748804852	20.765966607562348	[26.75231828]	22.53715308502025	23.249039571624746	24.194867165496223
46	20.95156423474781	1.7214882298135024	19.707862471454973	20.251132953073643	23.43299974510711	17.58039436939718	"[23.56543147 24.8604878  36.52252962 23.72125001 25.01314398 25.17307052
 34.29757203 39.13793039 24.12175111 25.52752424 25.2601699  28.22332705
 24.66841934 23.82244961 26.04394938]"	19.21050164831159	19.97949771226431	20.93198987812509
47	23.935264174020148	1.6240505901520557	23.61724373555885	24.129764664255866	26.536580344203955	21.24209980153101	[]	23.129933822415804	23.87350419990736	24.75398441256786
48	24.39609487456651	1.5081310363680025	24.043273395179302	24.5192122138609	27.007632767843585	21.888060962130343	[27.56051884 27.53497524]	23.50328315278228	24.2812428045201	25.011414189150283
49	23.532283995724907	1.2564685325205893	23.35315833944825	23.74967703355231	25.431348192635863	21.411664475588235	[20.96589328 20.93054679 20.66356725 26.12290825 27.1538619 ]	22.930123355241687	23.55141768650028	24.186591887762276
