	mean	iqr	cilo	cihi	whishi	whislo	fliers	q1	med	q3
0	23.69131040091466	0.6990041732788512	23.58769580136353	23.808288848294673	25.0333805084229	22.3776435852051	[22.31221771 22.20221138 22.27326393]	23.360816001892047	23.6979923248291	24.0598201751709
1	20.979162312517268	0.8121023178100479	20.805438012895973	21.061722784223225	22.1711540222168	19.7338809967041	[]	20.633545875549352	20.9335803985596	21.4456481933594
2	20.57683634517169	0.928224563598647	20.49657237238785	20.789503219653152	22.2149848937988	19.05881690979	[18.58211327]	20.14266872406005	20.6430377960205	21.0708932876587
3	20.68578515871607	0.696997642517097	20.60674829935264	20.826708121545764	22.0609340667725	19.4608345031738	[19.37186813 11.62149811]	20.451189041137702	20.7167282104492	21.1481866836548
4	28.123330357098816	0.6587285995482972	27.96141389795471	28.169296703851888	29.2250480651855	27.0977954864502	[29.71411514 29.68424988 29.52314377]	27.8158826828003	28.0653553009033	28.474611282348597
5	21.276523609354044	0.6887826919556019	21.166165271638206	21.38353260433839	22.5650444030762	20.0698432922363	[19.90742493]	20.9451866149902	21.2748489379883	21.6339693069458
6	20.573630776068175	0.7528467178344478	20.58953395070047	20.82711872874293	21.9252319335938	19.5258502960205	[19.2094841  14.22008228 11.83620834]	20.38827514648435	20.7083263397217	21.141121864318798
7	20.844410944466635	0.764369964599549	20.81637245559497	21.057593761446032	22.1702785491943	19.3867568969727	[11.72611427]	20.51832389831545	20.9369831085205	21.282693862915
8	20.719787588023177	0.7120800018310476	20.699167481492484	20.923887022902118	22.0533504486084	19.5091609954834	[14.5294981]	20.423707008361802	20.8115272521973	21.13578701019285
9	26.255646599663628	0.5456581115722514	26.163320261311313	26.335520070719888	27.1313571929932	25.3545570373535	[]	25.9873104095459	26.2494201660156	26.53296852111815
10	24.863715817229917	0.8653068542480504	24.839429827906002	25.1125049865472	26.4078578948975	23.2269477844238	[22.33524895 22.45314026]	24.5039653778076	24.9759674072266	25.36927223205565
11	27.822098491167782	0.4369134902953533	27.780603536126733	27.918485514166264	28.5116405487061	26.9790058135986	[26.40711975]	27.625895500183148	27.8495445251465	28.0628089904785
12	28.86445619602397	0.6363506317138494	28.70402918224177	28.90484990711363	30.0120487213135	27.8227519989014	[27.53283501 30.77399254]	28.563242912292502	28.8044395446777	29.19959354400635
13	26.398599971424446	0.32505416870119674	26.36738958918628	26.46997079289372	27.048713684082	25.8023052215576	[25.67355537 22.92229843 27.19917107]	26.2586498260498	26.41868019104	26.583703994750998
14	26.849666229402175	0.961542129516598	26.77556542184264	27.079010688997162	28.1457347869873	25.2605266571045	[]	26.433829307556152	26.9272880554199	27.39537143707275
15	26.170750608347888	3.700218200683601	26.09367511376781	27.261396907716595	32.1657600402832	19.2756099700928	[18.75993347]	24.4332332611084	26.6775360107422	28.133451461792
16	19.640301502112184	0.8156690597534535	19.374481994348507	19.631892364782296	20.5604972839355	18.3772659301758	[24.27369881 21.25238228 23.91791725 21.74750137 23.82535362]	19.135516166686998	19.5031871795654	19.95118522644045
17	19.733054382632478	0.7992134094237997	19.355988992999894	19.608206258464907	20.8403663635254	18.1260738372803	[28.01132202 21.50954628 27.85074043 21.7740345  25.77641487]	19.066092491149902	19.4820976257324	19.865305900573702
18	28.946791504368647	1.0353326797485494	28.821205343269412	29.14793757054899	30.2011871337891	27.2430877685547	[]	28.497906684875502	28.9845714569092	29.533239364624052
19	28.437364693843957	0.19802570343020065	28.411517620933118	28.474010943520085	28.8145961761475	28.0477733612061	[28.92217255]	28.3305950164795	28.4427642822266	28.5286207199097
20	28.141063439725635	1.6531791687011506	28.20497315919208	28.72668653929432	29.5280933380127	25.6303100585938	[]	27.38584899902345	28.4658298492432	29.039028167724602
21	29.78774712302468	0.2861776351928498	29.75564980832791	29.845962282736494	30.306095123291	29.3228416442871	[29.05694389]	29.653334617614753	29.8008060455322	29.939512252807603
22	27.178606534245038	0.6127262115478977	27.392842198266635	27.586207484350567	28.6797389984131	26.3618125915527	[ 8.45926762 13.29596424 28.80529976]	27.173575401306152	27.4895248413086	27.78630161285405
23	27.696647663309122	0.7020807266235529	27.544701270149048	27.76626522155015	29.1436805725098	26.5511379241943	[]	27.40052700042725	27.6554832458496	28.102607727050803
24	26.687738437845255	0.6401004791259979	26.631400747141015	26.833404855886386	27.8777122497559	25.4248065948486	[25.34698677]	26.37353229522705	26.7324028015137	27.01363277435305
25	26.546729463519473	0.8760080337523988	26.44177379524455	26.71822605216765	27.8280620574951	25.265172958374	[]	26.108983039856	26.5799999237061	26.9849910736084
26	26.674856629034487	0.7392473220825018	26.57196164193274	26.805254697178658	28.0181636810303	25.3853168487549	[]	26.28291511535645	26.6886081695557	27.02216243743895
27	28.435461236973	0.4889955520630487	28.482447485777243	28.636765618470754	29.309928894043	27.5968837738037	"[24.80098343 24.95129395 27.33625984 27.50462532 26.75832176 26.97207832
 27.54608345]"	28.300415992736802	28.559606552124	28.78941154479985
28	26.72018621425436	0.7853145599365021	26.608422431411455	26.856253471908943	28.072847366333	25.1682929992676	[28.29964447]	26.33438873291015	26.7323379516602	27.11970329284665
29	28.10851322520863	1.1681795120238974	28.033966003895376	28.402622283458225	29.6874561309814	26.6475963592529	[25.8057518  25.68179893 25.80567551]	27.56516933441165	28.2182941436768	28.733348846435547
30	26.400035203105272	0.8376407623291016	26.303763853367403	26.5681080948748	27.8939952850342	25.2948417663574	[]	25.9517240524292	26.4359359741211	26.7893648147583
31	27.17472818162706	0.9880466461181996	27.085273706486753	27.397083318659647	28.7370738983154	25.4582672119141	[]	26.68248176574705	27.2411785125732	27.67052841186525
32	28.654209136962894	0.3136425018310476	28.647350342009304	28.746330230500497	29.2979469299316	28.0638637542725	[27.77191162 27.76545906 27.8721447  27.42210579 27.79447365]	28.529368400573752	28.6968402862549	28.8430109024048
33	25.248113882662075	5.077052116394	22.83389695500321	24.43612257624679	33.8302421569824	20.3775062561035	[]	22.2492265701294	23.635009765625	27.326278686523402
34	29.23816987239953	0.9054641723632493	29.01984568638927	29.30559376673573	30.3526668548584	27.7222595214844	[]	28.78125	29.1627197265625	29.68671417236325
35	24.867115675800978	0.9497632980346467	24.91920868266769	25.21893676410971	26.4970188140869	23.1435623168945	[22.5009079  22.75320625 22.98386765 17.36410904 27.11296654]	24.493512153625502	25.0690727233887	25.44327545166015
36	23.58987840979991	0.7429351806640483	23.44192035016805	23.676377226736147	24.6882190704346	22.3512401580811	[25.24022293]	23.2506494522095	23.5591487884521	23.99358463287355
37	24.89558965509588	1.081170082092303	24.923122549465443	25.26432023007556	26.600793838501	22.9921035766602	[22.51278114 22.17563438 22.68804741]	24.458581924438448	25.0937213897705	25.53975200653075
38	23.553852273960306	0.8182935714721502	23.409626570746855	23.667865189507143	25.0839061737061	22.0065879821777	[21.91995049]	23.1933012008667	23.538745880127	24.01159477233885
39	23.490376944493764	0.5606937408446981	23.394664740001794	23.57160952147281	24.4480991363525	22.4448566436768	[24.66165543 24.60946083]	23.2032632827759	23.4831371307373	23.7639570236206
40	23.723825743704136	0.7168273925781463	23.592653997220115	23.818871729098287	25.0888652801514	22.449670791626	[]	23.3687334060669	23.7057628631592	24.085560798645048
41	23.306905592330775	0.6843299865722976	23.154298440702505	23.370260580293497	24.5969715118408	22.1011028289795	[]	22.962499618530252	23.262279510498	23.64682960510255
42	23.70088548371286	0.6149444580077521	23.63437641064665	23.828441735105354	24.820255279541	22.4892559051514	[22.42730331 22.46156502 25.12098885 25.01230812]	23.389724731445348	23.731409072876	24.0046691894531
43	24.01360586917762	0.412521362304652	23.907014801305007	24.037199065882593	24.8127021789551	23.2899570465088	[23.15186501 25.01563644 24.8527832 ]	23.802775382995648	23.9721069335938	24.2152967453003
44	23.81449184995709	0.9765901565551509	23.54041243036199	23.84860658208921	25.5225639343262	22.3298282623291	[]	23.31514644622805	23.6945095062256	24.2917366027832
45	23.443015320132478	0.825049400329597	23.265534210252454	23.525904846143945	25.0802879333496	22.053503036499	[]	23.01776123046875	23.3957195281982	23.842810630798347
46	24.20377582973904	1.0190258026123509	23.541795998817207	23.863382071251195	25.7419357299805	22.2340106964111	"[26.4398098  32.0467453  25.82690048 26.52086258 26.60551071 31.05526161
 33.17435074 26.04401398 26.79216766 26.65149879 28.17134666 26.33747673
 25.88193321 27.06181526]"	23.24196529388425	23.7025890350342	24.2609910964966
47	23.8525768241497	0.7497835159301971	23.689945198420844	23.926563285465953	25.1233577728271	22.4606227874756	[22.34604454]	23.50941562652585	23.8082542419434	24.259199142456048
48	24.13290532430013	0.7537288665771982	23.96282882239618	24.200691990592023	25.3978939056396	22.864221572876	[25.65639114 25.64455223]	23.68854427337645	24.0817604064941	24.44227313995365
49	23.41618801849057	0.6459188461303498	23.330847728087914	23.534688007996085	24.57834815979	22.3011703491211	[21.98536682 22.03632736 25.0784111 ]	23.11160373687745	23.432767868042	23.7575225830078
