	mean	iqr	cilo	cihi	whishi	whislo	fliers	q1	med	q3
0	26.902106659513965	3.6042066994542523	26.15092793583266	27.751422986565412	33.713959919140976	21.792787131692084	[]	24.776934936418332	26.951175461199036	28.381141635872584
1	26.91433931219482	3.6297866584150356	26.125813980904397	27.737668146451753	33.705529576648374	21.883152336184597	[]	24.78398947023674	26.931741063678075	28.413776128651776
2	26.89364487518033	3.589182770008641	26.163458285044822	27.757281763715984	33.71787157522067	21.81915535981659	[]	24.80637343144985	26.960370024380403	28.39555620145849
3	26.895397252231916	3.484222134858495	26.158970398126772	27.706184736122122	33.28003012657165	21.84769343610656	[33.72202005]	24.842772692838277	26.932577567124447	28.326994827696772
4	26.905751186220094	3.501574898841586	26.21645011206537	27.77137017150996	33.220865872701005	21.857698232467733	[33.70410706]	24.826366373580424	26.993910141787666	28.32794127242201
5	26.89879750162085	3.527087930234323	26.151948906951493	27.71819836115012	33.27424339675903	21.92668614344852	[33.71307343]	24.831692218968698	26.935073634050806	28.35878014920302
6	26.92149300422789	3.5949132787940563	26.150421414736847	27.74678960066651	33.712531769554346	21.824806854381535	[]	24.814029235380893	26.94860550770168	28.40894251417495
7	26.912832688382405	3.570790440401648	26.140971135720154	27.72662726025153	33.70686923017819	21.834427941457193	[]	24.81126836857066	26.93379919798584	28.382058808972307
8	26.904521780180694	3.4886068140387074	26.159883378210147	27.70904479025318	33.26951058006287	21.844027922745223	[33.71517046]	24.871943621550283	26.934464084231664	28.36055043558899
9	26.914768052035686	3.5876322313020736	26.222123065386008	27.81525800709668	33.70759772751687	21.816655315413627	[]	24.80324862779787	27.018690536241344	28.390880859099944
10	26.918307368696727	3.641306503235352	26.15545189289385	27.77242159596655	33.70270452241911	21.849414260189945	[]	24.814468086659822	26.9639367444302	28.455774589895174
11	26.916309258089107	3.552916643785192	26.166238237669873	27.74395726940722	33.70485329143585	21.851199087323913	[]	24.842370481403876	26.955097753538546	28.395287125189068
12	26.901925304863163	3.5572072546678264	26.14233665910556	27.721960992634642	33.704785166817494	21.83264394336139	[]	24.852095986024636	26.9321488258701	28.409303240692463
13	26.915332194220323	3.446898589690523	26.22049494787362	27.75113527824444	33.22220626958211	21.828778656046456	[33.70492128]	24.85148450803327	26.98581511305903	28.298383097723793
14	26.9166985298081	3.542793163914361	26.17370153801997	27.74692510632235	33.23993129666646	21.8446845322598	[33.70107119]	24.83191629491671	26.96031332217116	28.37470945883107
15	26.914391261841967	3.5591987390385853	26.164912545020844	27.745421223190736	33.241404943466186	21.85727408566138	[33.71017558]	24.78742035888111	26.95516688410579	28.346619097919696
16	26.92005093529778	3.4208002027821927	26.179405939425422	27.698456940281588	33.25538133239746	21.809208142552375	[33.71187968]	24.8776593413193	26.938931439853505	28.298459544101494
17	26.894502378921224	3.5356293201953974	26.156914258947555	27.72695662889687	33.2558540465037	21.845691250436413	[33.72119998]	24.781834204651922	26.941935443922212	28.31746352484732
18	26.908882633550746	3.5036285207729243	26.209158127266715	27.76499012434731	33.28597213935852	21.82791515768624	[33.71469245]	24.864740768940585	26.987074125807013	28.36836928971351
19	26.90725365910245	3.4537912901450767	26.21241043703343	27.74611156105001	33.24441135978699	21.88477822332878	[33.71062068]	24.873340739117552	26.97926099904172	28.32713202926263
20	26.923916823744683	3.522845177530556	26.19102257528435	27.75538797974052	33.25782126426697	21.824093823495538	[33.71260399]	24.81495020846079	26.973205277512434	28.337795385991345
21	26.91253739237893	3.511313123913215	26.19122474196684	27.750469187421924	33.20942433484395	21.808401388716046	[33.69668387]	24.845018981446774	26.97084696469438	28.35633210535999
22	26.91263286861009	3.5613299271183045	26.18301180378671	27.764466863853702	33.709592440181325	21.827839242839538	[]	24.845953403618434	26.973739333820205	28.40728333073674
23	26.910294086557474	3.524876241858724	26.169275197529597	27.734542522623517	33.22140492884318	21.8266893866045	[33.71615972]	24.784293334192704	26.951908860076557	28.309169576051428
24	26.895759535604338	3.544526875427966	26.13820666461301	27.71220011015282	33.23887458483378	21.8668752959817	[33.70263902]	24.78674433770616	26.925203387382915	28.331271213134126
25	26.91540680374957	3.5925534223935713	26.23132667596952	27.826646936848164	33.7033265706471	21.7885877627542	[]	24.803547202154846	27.02898680640884	28.396100624548417
26	26.914680306164154	3.5194909640077583	26.183069048270706	27.745944970410793	33.25794206283206	21.847668644893403	[33.72248721]	24.829521791140234	26.96450700934075	28.349012755147992
27	26.91003546932386	3.5380082797083787	26.19576174737992	27.766860525366816	33.23154011644636	21.82514820832711	[33.70618284]	24.80733003184359	26.981311136373368	28.34533831155197
28	26.917469391492308	3.5589611434231294	26.162189606463798	27.742592777197984	33.718587933662825	21.835939599652317	[]	24.82762991464327	26.95239119183089	28.3865910580664
29	26.903316524781957	3.50109605916823	26.184833906035188	27.739541330469855	33.246709210532046	21.85090502257437	[33.72107989]	24.789596403606357	26.96218761825252	28.290692462774587
30	26.91873214279734	3.585296773480138	26.17345295119351	27.76555080236058	33.70694432655214	21.867545552460147	[]	24.80082671140953	26.969501876777045	28.38612348488967
31	26.89139696339419	3.535075491202857	26.154386072142287	27.724182507095236	33.247926827112835	21.854208918971946	[33.7057452]	24.81188287566097	26.93928428961876	28.346958366863827
32	26.907633605915617	3.4429473987530557	26.191162520989565	27.720048273427636	33.21243019040425	21.82645309279732	[33.70328269]	24.883692320371427	26.9556053972086	28.326639719124483
33	26.914962515046117	3.441086883689941	26.226866661820257	27.75492622824886	33.255192342758185	21.849651044896504	[33.71097865]	24.84589627668971	26.990896445034558	28.286983160379652
34	26.920798106321573	3.6206896687300585	26.15753174196896	27.765346270452888	33.70775865011229	21.884469785809348	[]	24.807973917632903	26.961439006210924	28.428663586362962
35	26.91867013806107	3.5267610174489796	26.20703976151637	27.77314404582365	33.23068193481082	21.859059327224635	[33.6976447]	24.8285771335802	26.99009190367001	28.35533815102918
36	26.899036027112828	3.5513100020195694	26.153719122341315	27.73072470382217	33.280923435211186	21.919831914684302	[33.70834252]	24.792665147189968	26.94222191308174	28.343975149209538
37	26.90152607298663	3.6043776535165577	26.180895825177636	27.781466790294168	33.70523238372803	21.832131609022877	[]	24.805023735854192	26.981181307735902	28.40940138937075
38	26.913046674752408	3.5833567403718405	26.18379336649874	27.77502972062998	33.700018903217625	21.791389176928124	[]	24.838245269403487	26.97941154356436	28.421602009775327
39	26.90265785919249	3.5601933369906646	26.141741789728716	27.722692132107266	33.26135338510786	21.834066937000724	[33.71876528]	24.8110608250319	26.93221696091799	28.371254162022563
40	26.907440253737374	3.4739051977951583	26.210194559178873	27.752827526546646	33.311952146348496	21.857985225411202	[33.7119165]	24.8647267064269	26.98151104286276	28.33863190422206
41	26.9058845213094	3.535819481700191	26.16310942309364	27.733236236742396	33.268802079336986	21.834584728507945	[33.7145251]	24.808033970883912	26.94817282991802	28.343853452584103
42	26.89658311353614	3.4778581059403955	26.126887987198092	27.671276295047146	33.25886989974975	21.809100908336536	[33.70872453]	24.843818959168022	26.89908214112262	28.321677065108418
43	26.905415589943345	3.5221812367714485	26.13942194906853	27.703492521960495	33.25618038667952	21.78813210643697	[33.72049343]	24.832502742560052	26.921457235514513	28.3546839793315
44	26.899400354123635	3.511288963507951	26.10424624284653	27.66347995955816	33.273045292354766	21.854478607395855	[33.70480795]	24.807283727647764	26.883863101202344	28.318572691155715
45	26.902710613621068	3.4979927630897585	26.164448142928887	27.717777508215253	33.2900535551707	21.82808793386168	[33.71751322]	24.83893184887606	26.94111282557207	28.33692461196582
46	26.916794237521668	3.4847979609672173	26.160575085485032	27.708045126583432	33.25446231079101	21.80958282759283	[33.6988832]	24.86401362549691	26.934310106034232	28.348811586464127
47	26.910461729281398	3.47722889403812	26.16809772793448	27.71220662602171	33.27309889584496	21.828416570389596	[33.71345351]	24.914514401952424	26.940152176978096	28.391743295990544
48	26.91673200940314	3.4865822195217255	26.210488255651192	27.758750620060617	33.22567692547753	21.81674254650815	[33.70893708]	24.85789227281814	26.984619437855905	28.344474492339867
49	26.914593565579068	3.5494179120148104	26.148431905161186	27.724597279367405	33.704532827769526	21.861218081816286	[]	24.885311213858543	26.936514592264295	28.434729125873353
50	26.910955723437397	3.4657927652127896	26.16884361267089	27.707874148413573	33.283647555669155	21.811791784484672	[33.70381588]	24.933370549116294	26.938358880542232	28.399163314329083
51	26.92015130437344	3.473489433118619	26.15723950544924	27.699687847083098	33.226290719350175	21.7898505359102	[33.71363369]	24.89241488907451	26.92846367626617	28.365904322193128
52	26.90719857399115	3.5205148340350227	26.11563631869843	27.67896690369442	33.271141485850016	21.81846726951489	[33.71421624]	24.849618338632197	26.897301611196426	28.37013317266722
53	26.917952191464565	3.491910120774488	26.142234455111623	27.692862743647186	33.23787347457523	21.89158928888082	[33.70531693]	24.87190188759694	26.917548599379405	28.36381200837143
54	26.900514872893538	3.514685609436995	26.15192686651998	27.71266890821179	33.30865394910177	21.844203612785144	[33.71370705]	24.85101616925457	26.932297887365884	28.365701778691566
55	26.913856659883646	3.4919172442019573	26.182625964381025	27.733257416167582	33.252546465555824	21.881160508350554	[33.71882966]	24.902984107829102	26.957941690274303	28.39490135203106
56	26.908959618923166	3.490153029300437	26.16451126094048	27.714359290061864	33.21507861328125	21.85982337840605	[33.70115167]	24.83812771363055	26.93943527550117	28.328280742930986
57	26.903145358263135	3.563621036325703	26.12517578435783	27.707648241387012	33.71826564071431	21.87227132692379	[]	24.82304449780111	26.91641201287242	28.386665534126813
58	26.914149386859457	3.4811942874256907	26.180132980161307	27.726002762964715	33.29565760103861	21.801704556929604	[33.69805507]	24.899793477134097	26.95306787156301	28.380987764559787
59	26.919911134287307	3.5213329023277637	26.161597788795273	27.725291647699468	33.23628874460856	21.83838664593566	[33.70881765]	24.877998046005445	26.94344471824737	28.39933094833321
60	26.91838505065503	3.492300772718881	26.177865537013847	27.728667299646684	33.251425044831784	21.911157153202513	[33.70887942]	24.87075182822101	26.953266418330266	28.36305260093989
61	26.90074041527196	3.489255220123699	26.18632982535122	27.73577917058356	33.29155193456015	21.8426296193094	[33.71444739]	24.900006251061637	26.96105449796739	28.389261471185335
62	26.91294172031175	3.5848674571954504	26.136375425309446	27.728282632974036	33.71017463535595	21.84405558801351	[]	24.818835557581888	26.93232902914174	28.40370301477734
63	26.9212598118366	3.587965528462359	26.177446285971328	27.770729232638416	33.70712704958097	21.82497603745138	[]	24.815378142453373	26.974087759304872	28.40334367091573
64	26.916215355676833	3.5615413006836434	26.192729767325076	27.774278690583998	33.710441928771324	21.886562618215706	[]	24.82596932239003	26.983504228954537	28.387510623073673
65	26.905920983433347	3.569770456949879	26.15598560906757	27.741188796627647	33.710142094899744	21.865300907750843	[]	24.791533805977725	26.94858720284761	28.361304262927604
66	26.9053673116166	3.451989808476675	26.15137029982552	27.684271452382443	33.252826919555666	21.862345729082005	[33.70489061]	24.868373642606826	26.91782087610398	28.3203634510835
67	26.914688444126792	3.5108000309317653	26.15485555992624	27.713872159742643	33.23393401527405	21.918153220480825	[33.71388736]	24.87518571089563	26.93436385983444	28.385985741827394
68	26.907374810947964	3.478873765335969	26.212945230971304	27.757784555638036	33.2525367804936	21.853341120677943	[33.70484138]	24.839644416228005	26.98536489330467	28.318518181563974
69	26.91037098756554	3.5135332200828238	26.16222881461479	27.722459122765304	33.249720611390615	21.877161938672806	[33.70878393]	24.808472202048158	26.942343968690047	28.32200542213098
70	26.92247053933556	3.562163326525077	26.171038902757335	27.75286404471392	33.70543065956524	21.851749296725057	[]	24.818370574230237	26.961951473735628	28.380533900755314
71	26.90013822397712	3.4934226145309104	26.161829041297477	27.71312897243661	33.26769033177693	21.92156438978892	[33.71259356]	24.82101235639103	26.937479006867044	28.31443497092194
72	26.896827191331546	3.5299856758544266	26.122023797965326	27.689560033947018	33.24018536885579	21.862267734673466	[33.7108874]	24.78658556244573	26.905791915956172	28.316571238300156
73	26.91970948967417	3.4476905285130393	26.157766064880867	27.688758066027425	33.27378208859762	21.842538933460848	[33.70758461]	24.902886663578798	26.923262065454146	28.350577192091837
74	26.90835051552957	3.3977526322383014	26.191171793788826	27.69998821997632	33.29648516146342	21.826929581497662	[33.7036157]	24.865741130318824	26.945580006882572	28.263493762557125
75	26.909018835963867	3.4752340617453292	26.157189880243116	27.70041294700105	33.23273502222697	21.8428367381612	[33.71053105]	24.811461126949194	26.928801413622082	28.286695188694523
76	26.90298729382137	3.5051960516005245	26.19360965255553	27.750137732169854	33.252166659037265	21.850353522940637	[33.71131662]	24.837529879673042	26.971873692362692	28.342725931273566
77	26.909134654729893	3.549535255353696	26.194392052692	27.770609534740192	33.273761106763565	21.84011426293248	[33.71215643]	24.795767081044968	26.982500793716095	28.345302336398664
78	26.91285652414053	3.4432636095189153	26.148580193799628	27.677606363757544	33.234899099349974	21.86122757887256	[33.7129379]	24.831740387777913	26.913093278778586	28.275003997296828
79	26.910893229191952	3.525277133300712	26.1683052560533	27.73375060222711	33.26322607676188	21.87704332826458	[33.71001844]	24.837225960884773	26.951027929140206	28.362503094185485
80	26.912538548112334	3.5341585889991087	26.155748702581686	27.725137975137617	33.221955546061196	21.927795415087704	[33.70577977]	24.826117629577244	26.94044333885965	28.360276218576352
81	26.906864756388508	3.3834264561283725	26.134820286652364	27.63727498725865	33.228257498241604	21.83941441308334	[33.70882925]	24.887608332000422	26.886047636955507	28.271034788128794
82	26.913041153724162	3.4128199648403097	26.15089295704907	27.66640022903653	33.254555206298825	21.897611704275896	[33.71621526]	24.87966429834138	26.9086465930428	28.292484263181688
83	26.90254462127833	3.491740550061664	26.167780010212606	27.71833299865879	33.23410525921413	21.85290068283673	[33.70510612]	24.861012774431344	26.9430565044357	28.35275332449301
84	26.89528785614917	3.4762693564494462	26.15186094311893	27.695543746009708	33.242572602589924	21.879325170232793	[33.72129612]	24.848085086305936	26.92370234456432	28.324354442755382
85	26.91564819257637	3.461200091442503	26.175469373593813	27.712460472574982	33.27817992337545	21.919669622720583	[33.70616974]	24.88283942135175	26.943964923084398	28.344039512794254
86	26.90158694487627	3.4756185756219935	26.16441769852719	27.707811513693258	33.30591340700785	21.89885160785251	[33.70833529]	24.875738499975476	26.936114606110223	28.35135707559747
87	26.902884621864224	3.466750056885541	26.13379083077021	27.67324646438105	33.205714093526204	21.81229438529903	[33.69769767]	24.82148264544918	26.90351864757563	28.28823270233472
88	26.90588735721873	3.4916672705544443	26.15805180519057	27.708572252914646	33.24644880676269	21.90844909483634	[33.71152306]	24.87114708473947	26.93331202905261	28.362814355293914
89	26.90004564990923	3.3961662342488204	26.127050247403037	27.635162212847188	33.24027580388387	21.934996532325968	[33.7077104]	24.869333266436104	26.881106230125113	28.265499500684925
90	26.908373733388043	3.543286839826628	26.134065753660018	27.707508545197946	33.23023820241292	21.92612900020275	[33.70250055]	24.802575789780843	26.920787149428982	28.34586262960747
91	26.915695499470313	3.5065465840909624	26.144322815128657	27.701450616331403	33.253608838399245	21.889111066870537	[33.7069818]	24.78636228902327	26.92288671573003	28.292908873114232
92	26.91200076391546	3.440257494033336	26.17620169492222	27.703892960043156	33.20712474950155	21.865108642671704	[33.70316005]	24.882165102565097	26.940047327482688	28.322422596598432
93	26.910180986225956	3.585308869358421	26.116095611752755	27.708198834252528	33.701716188111526	21.888557271934005	[]	24.79419395063227	26.91214722300264	28.37950281999069
94	26.89502755966194	3.544035545489141	26.144434244591224	27.718209508655626	33.305277738571164	21.91926414761055	[33.71941435]	24.770775311435973	26.931321876623425	28.314810856925114
95	26.909736619485585	3.483461938375008	26.157299828098825	27.704176590918596	33.25063533973694	21.862627221768726	[33.70600758]	24.808914894788977	26.93073820950871	28.292376833163985
96	26.895436740182006	3.561767263889319	26.158568302240294	27.740217567411452	33.23072370211284	21.831759668420403	[33.71151081]	24.79887485758463	26.949392934825873	28.360642121473948
97	26.903060602126025	3.480023192788803	26.138908315030612	27.684258057967675	33.26138038871402	21.864640766456873	[33.70729093]	24.830751172281783	26.911583186499143	28.310774365070586
98	26.914549264027073	3.4579991047249905	26.15219516864923	27.687764827678123	33.259199300130206	21.83644367758846	[33.71383253]	24.84113434310186	26.919979998163676	28.29913344782685
