	mean	iqr	cilo	cihi	whishi	whislo	fliers	q1	med	q3
0	24.693814637168398	0.0638361009930577	24.666259703331875	24.71801447199477	24.80315875224885	24.62656969305293	[]	24.656202336946755	24.692137087663323	24.720038437939813
1	22.931393511476724	0.1872189860705653	22.856085633821873	23.007872399658925	23.197468108562184	22.69937002795103	[22.38695542]	22.877673027798302	22.9319790167404	23.064892013868867
2	25.195147161600858	0.11317620627106706	25.158187006413705	25.249943994741358	25.377977599905112	25.04962097300679	[24.912489]	25.143705859486694	25.20406550057753	25.25688206575776
3	24.33759429807069	0.2795267145742635	24.284090629583627	24.51071537988695	24.627247016033877	24.111922939869235	[]	24.179213716740627	24.39740300473529	24.45874043131489
4	24.258731195045197	0.20171454076052342	24.186465485783543	24.35000444306005	24.452641274323785	23.99149721390175	[24.69923873]	24.146719295536293	24.268234964421797	24.348433836296817
5	24.249759809458116	0.09269117007601224	24.214534576734447	24.28968343435184	24.4100030226133	24.132022578405305	[23.970246   24.05839618 24.53491429]	24.197730016062447	24.252109005543144	24.29042118613846
6	29.081160891464343	0.09054879936692473	29.08345281665686	29.156864758975324	29.255510569302444	29.04302944925544	[28.66961341 28.85344044 29.28003706]	29.05318258256357	29.12015878781609	29.143731381930493
7	28.1602255990746	0.019257802678581015	28.157424673809228	28.17303783167885	28.18741774849133	28.150935736675866	[28.09284836]	28.15245563579073	28.16523125274404	28.17171343846931
8	26.347875658715747	0.11170453608549025	26.311790959595445	26.402354799394008	26.52839444427158	26.23925447530753	[26.03090855]	26.30121056977491	26.357072879494726	26.4129151058604
9	25.784262489610636	0.24366958001123962	25.611297238905344	25.808851014080886	26.122794969540983	25.431284218466622	[]	25.67808298687266	25.710074126493115	25.9217525668839
10	30.803302264253386	0.03690138452716951	30.804383535906627	30.834301130963876	30.87157066976792	30.78893685125103	[30.67096343 30.69576175 30.7184573 ]	30.799008509436682	30.81934233343525	30.83590989396385
11	28.80555296034642	0.24954673224335622	28.6773967036077	28.87971534771224	29.18816882630756	28.566078153613716	[28.31615319]	28.70474248787073	28.77855602565997	28.954289220114084
12	30.18539079926189	0.23397394638749347	30.12969559367089	30.31938868707811	30.366923109245423	29.92181343456195	[]	30.068611274138327	30.2245421403745	30.30258522052582
13	30.6883959379811	0.1759869343506253	30.592778745954227	30.73545918748055	30.93375662572583	30.41728414845574	[]	30.614800454817825	30.66411896671739	30.79078738916845
14	28.70017033453775	0.4484049002441388	28.46737813595051	28.830919948787212	29.11234667181252	28.18236711022472	[]	28.494831051754648	28.64914904236886	28.943235951998787
15	29.836017349967417	0.23849110329754808	29.728537876690567	29.921893230280617	30.285847231261613	29.502755354036346	[]	29.714721358305148	29.82521555348559	29.953212461602696
16	27.678529365617887	0.27302368226797924	27.58864304944584	27.80999550198374	28.016383125180337	27.308521137956536	[]	27.52612443174083	27.69931927571479	27.79914811400881
17	28.128175747328164	0.2887111984855828	27.989890799102806	28.223961819349373	28.409994826876996	27.79488329139376	[]	28.00830316690011	28.10692630922609	28.297014365385692
18	33.10151531890762	0.05828886209890527	33.05549442908693	33.102751804249614	33.17015451329878	33.00406819684721	[33.3374435]	33.05583776036639	33.07912311666827	33.11412662246529
19	33.69480347447475	0.02581978436423782	33.686432121820324	33.707365370341286	33.74262931113313	33.64851958293027	[]	33.67992407421452	33.696898746080805	33.70574385857876
20	27.51283816725846	0.1097979279011696	27.485128707457463	27.574146775130615	27.65076401928033	27.373996107000604	[27.32258106 27.13943977]	27.497332994604164	27.52963774129404	27.607130922505334
21	24.333062624461288	0.380152535930133	24.155724350579042	24.46393093349387	24.734514345281188	23.80435969726101	[]	24.13275544665469	24.309827642036456	24.512907982584824
22	25.178187743597444	0.22007768585134357	25.09445148393763	25.272878260352744	25.553100040323848	24.847061886274258	[]	25.056384377399013	25.183664872145187	25.276462063250356
23	25.667216132717915	0.20491071489945512	25.57956457570867	25.745694813633488	26.02980894453744	25.380724717014544	[]	25.561369309217113	25.66262969467108	25.76628002411657
24	22.9404234049553	0.13763444448836282	22.864428104378263	22.976014475157953	23.086345386556516	22.667359995668424	[23.31305074]	22.86340898388748	22.920221289768108	23.001043428375844
25	23.99770121062098	0.05939378176613985	23.981016080902073	24.029169263623167	24.07384254783988	23.90637601413753	[]	23.96404283465366	24.00509267226262	24.0234366164198
26	24.441130886137802	0.09163384309937328	24.401152019053637	24.47544365462542	24.607002703269192	24.32001883606682	[]	24.397271960857296	24.438297836839528	24.48890580395667
27	26.272577748104496	0.2418904022240902	26.122945065306688	26.319056381852214	26.55019584834991	25.884340328335615	[26.80723762]	26.153671864426332	26.22100072357945	26.395562266650423
28	24.908870469013735	0.32526730907083135	24.82046705493426	25.084175741283904	25.222155532451968	24.397494041372017	[]	24.75794636419935	24.95232139810908	25.08321367327018
29	27.502812678288215	0.21927992414231312	27.42222437326056	27.600004368746756	27.86154400722752	27.251867291030678	[]	27.401648319284114	27.511114371003657	27.620928243426427
30	27.511734046510124	0.1974212440610259	27.421788268668166	27.58184645919942	27.86823091692893	27.33022972680902	[]	27.408093560028824	27.501817363933792	27.60551480408985
31	29.043637993587502	0.2517653378726479	28.917412779765975	29.121530146212763	29.327005219195144	28.76433007913184	[]	28.913798498712787	29.01947146298937	29.165563836585434
32	26.24274210721993	0.28962155270730605	26.141386276287307	26.376195361224752	26.62654002244919	25.75576768315752	[]	26.112367851220494	26.25879081875603	26.4019894039278
33	25.21061660400988	0.3325467365884336	25.0474875005087	25.317097942781892	25.483903675908955	24.798949916562155	[]	25.0866272830853	25.182292721645297	25.419174019673733
34	26.978518587910845	0.040677867066758466	26.952977465370743	26.98595682292845	27.00351002001897	26.93897760289301	[27.13022173]	26.948646156345657	26.969467144149597	26.989324023412415
35	23.223228010645204	0.2898023586201717	23.161083143258228	23.396038815597596	23.5418940440736	22.937662018198555	[]	23.071101125887303	23.278560979427912	23.360903484507475
36	27.96657835151865	0.22494767984725428	27.921101943181846	28.103477040511414	28.222956170441066	27.61326160733672	[27.5526481  27.56246748]	27.91860928624893	28.01228949184663	28.143556966096185
37	23.300124443052134	0.11058246884615741	23.239359036774328	23.329013166714486	23.427255260131588	23.19957163921263	[23.04894051 23.52305071 23.52689366]	23.23463815710543	23.284186101744407	23.345220625951587
38	21.54496789822799	0.21523288102392613	21.443930214765267	21.618429092246096	21.922959996478355	21.245755732435764	[]	21.436136431680296	21.53117965350568	21.651369312704222
39	29.895102265481544	0.019282174295096155	29.88901468967645	29.90464760670045	29.921993443109464	29.869706570458572	[]	29.884980529004366	29.89683114818845	29.904262703299462
40	30.271021399626402	0.01892069258559914	30.267041370471574	30.282381218182763	30.3016745061288	30.252797395060394	[30.20751671]	30.2641634929667	30.27471129432717	30.283084185552298
41	26.880621145967478	0.32970478938352343	26.7588107384303	27.02611708759858	27.2777056181713	26.35383946485597	[]	26.719506689101678	26.89246391301444	27.0492114784852
42	26.72191037212167	0.32692582298489725	26.53446160594776	26.79951492335431	27.02273085063288	26.49621171588761	[]	26.540452611657912	26.666988264651035	26.86737843464281
43	27.57500085539315	0.236624542546096	27.49540180739992	27.68724385710104	27.88848184096502	27.15681424804871	[]	27.46143348833599	27.59132283225048	27.698058030882088
44	26.733803409622567	0.3695525781200253	26.570214827798267	26.86982755307197	27.345711493375003	26.314982637657035	[]	26.507400883082777	26.72002119043512	26.876953461202802
45	28.31379178531663	0.13221004115963808	28.234631677126853	28.341820242667108	28.551724997702788	28.15643847561115	[28.02247412 28.66695009]	28.23046340001975	28.28822595989698	28.36267344117939
46	26.044540187647204	0.31565853882242223	25.96126749428556	26.217185922871888	26.475920423692507	25.62360988871969	[]	25.893861345538948	26.089226708578725	26.20951988436137
47	28.63308621234	0.12300256114377106	28.624391609740748	28.724115261372155	28.79876657819956	28.535833331591245	[28.19707575]	28.59190737230302	28.67425343555645	28.71490993344679
48	26.972775151771042	0.2027076109291528	26.838570144596414	27.00291422806396	27.35242261601912	26.67090417498071	[]	26.846781188712683	26.920742186330187	27.049488799641836
49	27.960561797358647	0.20343130674975285	27.8985777101831	28.063508526066865	28.278366285333025	27.760174415672704	[27.11578498 28.39999187]	27.877406004847305	27.981043118124983	28.080837311597058
