	mean	iqr	cilo	cihi	whishi	whislo	fliers	q1	med	q3
0	24.6954331534754	0.08688070546256554	24.644073383165562	24.714511438474936	24.79320042676018	24.606431493691048	[]	24.651958650259747	24.67929241082025	24.738839355722313
1	22.857447376208828	0.5266358725456968	22.728114444110215	23.15508158855012	23.339920499165846	21.91276860872904	[]	22.62196718406677	22.94159801633017	23.148603056612465
2	25.075917974074112	0.18386018189173114	25.05722268932287	25.20628632309898	25.22569505197008	24.94160006264967	[24.67687081]	25.003325310918683	25.131754506210925	25.187185492810414
3	24.324154505136786	0.5236841675062074	24.05855770639178	24.483131772164548	24.99136561075847	23.869932331766396	[]	24.057634283020388	24.270844739278164	24.581318450526595
4	24.310071330648757	0.38160720107667956	24.081797416882637	24.391183361584453	24.884024032274887	23.937498099962866	[]	24.11008280565626	24.236490389233545	24.491690006732938
5	24.33647285551041	0.2117675995372572	24.207686277226887	24.379375696753602	24.70592669221333	23.987808681964875	[]	24.23485578711828	24.293530986990245	24.44662338665554
6	28.9887355741622	0.10061578968593565	29.01107987272517	29.092653572215312	29.180439150764826	28.975408014706204	[28.16314022 28.68164272]	29.01090829208919	29.05186672247024	29.111524081775126
7	28.156449391937254	0.03282897583643418	28.14817066354887	28.17478657560213	28.193659262021388	28.134556859122384	[28.05869741]	28.143461992634666	28.1614786195755	28.1762909684711
8	26.352649316936436	0.06862365735144493	26.335262679193484	26.390898932908478	26.486046719074253	26.31951887034475	[26.10037832 25.86780528 26.80362009]	26.331191582077338	26.36308080605098	26.399815239428783
9	25.852411069936554	0.3170860582739792	25.68707723513501	25.944153017285036	26.276609613033944	25.503754728083308	[]	25.726685545244933	25.815615126210023	26.043771603518913
10	30.745770359667787	0.03569048219909021	30.76278974498106	30.791725607619068	30.804318518862384	30.749462098321327	[30.57805584 30.59706762 30.62563786]	30.758661020295587	30.777257676300064	30.794351502494678
11	28.86297445539211	0.2773698787128538	28.75332848314943	28.978204590610936	29.2122831655068	28.550669962207618	[28.19786259 29.44176896]	28.72356818742977	28.865766536880184	29.000938066142623
12	30.025482889341923	0.40092494624002484	29.95518792897048	30.280235629582585	30.381614658355716	29.567058822313946	[]	29.843903494448885	30.117711779276533	30.24482844068891
13	30.733142272442105	0.34856570610924464	30.588912711942026	30.871510445871042	31.256628509627443	30.476701151809998	[]	30.506675073968044	30.730211578906534	30.85524078007729
14	28.42023269707693	0.4827540822545231	28.36872653635863	28.760116760063973	28.776580279942728	28.027030737712444	[27.36218269]	28.223865419078187	28.5644216482113	28.70661950133271
15	29.83349517305163	0.21262840477624678	29.706265595077976	29.878652907729656	30.13856131108602	29.463879218101493	[29.35540488 30.47736554]	29.73288310829799	29.792459251403816	29.945511513074237
16	27.68622337955595	0.32100778309505884	27.536201636332017	27.79645693536539	28.095288827896105	27.148164690017683	[]	27.53278464253742	27.666329285848704	27.853792425632477
17	28.153482421493536	0.46478556712468233	27.97446684787262	28.351289196515204	28.603106017430626	27.586267455418902	[]	27.951929712931317	28.16287802219391	28.416715280056
18	33.17376249359979	0.1016785212471305	33.09317774155342	33.17561304482645	33.27033209846134	33.0289673169454	[33.52429231]	33.11299061906906	33.13439539318993	33.21466914031619
19	33.698772145728384	0.028010669759169105	33.68191048902592	33.70461998586119	33.714052226050086	33.66717728380174	[33.77016361]	33.68184296170631	33.693265237443555	33.70985363146548
20	27.45738930099203	0.24736826083532648	27.436290535512295	27.636842995874286	27.633239217022886	27.083486584359278	[]	27.324720520891248	27.53656676569329	27.572088781726574
21	24.189456368617403	0.3367340543951265	24.092485101315464	24.36549038852799	24.71941263425917	23.90510676903952	[23.1622095]	24.053123343172526	24.228987744921728	24.389857397567653
22	25.057123602958953	0.5125810444317231	24.975585050490857	25.39115732014487	25.52298447281973	24.46740124796307	[]	24.758636806548584	25.183371185317863	25.271217850980307
23	25.6743604154496	0.2749274076961292	25.53483914882989	25.757735036314457	26.099911681629365	25.229078455425437	[]	25.52520882181895	25.646287092572173	25.80013622951508
24	23.111170809890837	0.1869984387171435	22.97034617458902	23.121954132869252	23.35009090746155	22.848732923560675	[22.71541456 23.8287186 ]	23.018448213929908	23.046150153729137	23.20544665264705
25	24.007046974666544	0.07702108605703373	23.973294342122248	24.035738765090375	24.12217977523804	23.868840484619135	[]	23.961846242904667	24.00451655360631	24.0388673289617
26	24.462867118697197	0.14413535253585508	24.387268583537654	24.504125529851606	24.599939185097114	24.29940758609772	[]	24.404879203043283	24.44569705669463	24.549014555579138
27	26.3243627426692	0.2048030887991814	26.198728996656996	26.36477197731147	26.596430854256536	25.97330057377149	[26.90610699]	26.24033093297396	26.281750486984233	26.445134021773143
28	24.868811927447243	0.3484328940028263	24.705876032340583	24.988366089582954	25.307971743265785	24.34621860633578	[]	24.709762507325124	24.84712106096177	25.05819540132795
29	27.556711829397408	0.4360084373610391	27.37409513926392	27.727586587827542	28.108557989756253	27.16639802646637	[]	27.32398244006292	27.55084086354573	27.75999087742396
30	27.605604574633396	0.37480260480775485	27.427741071891855	27.731610227499974	28.103635571797682	27.27870645713806	[]	27.411312412288446	27.579675649695915	27.7861150170962
31	29.073625681377585	0.23118501329800623	28.96216041305445	29.149592394259997	29.324632558837774	28.714325209655456	[]	28.97577318679718	29.055876403657223	29.206958200095187
32	26.146120838782902	0.5118781831832315	25.96064703579471	26.37564946454754	26.61308538282485	25.534158026695255	[]	25.883006689026242	26.168148250171125	26.394884872209474
33	25.28449167545359	0.4742444548001217	25.056366777417377	25.440857867349532	25.72536380007911	24.745193676312766	[]	25.080544024066327	25.248612322383455	25.55478847886645
34	26.9959624973721	0.0718986719449326	26.95700444786206	27.01529590169136	27.057508331934613	26.927505903244015	[27.14651924]	26.95409157037735	26.98615017477671	27.025990242322283
35	23.04457226582633	0.36185706543921725	22.975722786122486	23.2690964167093	23.35525174050104	22.616815195560452	[]	22.868190455243706	23.122409601415892	23.230047520682923
36	27.664510972916638	0.3917260803873539	27.673498287057495	27.991088057646305	28.10664237126093	27.067167771543765	[26.81854731]	27.499292545602437	27.8322931723519	27.89101862598979
37	23.39462382311656	0.06790220339990327	23.319414043944874	23.374465382826692	23.38488372531071	23.275143006575963	[23.70676183 23.66977448 23.51103375]	23.313699431701323	23.346939713385783	23.381601635101227
38	21.80183750533494	0.3487897896553207	21.578044698311132	21.86082410674576	22.299765671857326	21.53547210845288	[]	21.60962653675707	21.719434402528446	21.95841632641239
39	29.889829980091317	0.020886058508409633	29.879259037181566	29.896192294532295	29.92936551866078	29.85841654774912	[]	29.88042105286496	29.88772566585693	29.90130711137337
40	30.261926840582735	0.015213406937956364	30.258059369105823	30.27039355531707	30.28221332662893	30.25276997567598	[30.19500632]	30.257171729382513	30.264226462211447	30.27238513632047
41	26.816576360321143	0.28022230391103164	26.7677066754123	26.994895370954268	27.239409612820086	26.366365505078825	[26.18741664]	26.679547070601974	26.881301023183283	26.959769374513005
42	26.762757372030634	0.268259017422082	26.655172058001433	26.872661584655397	27.120445370992023	26.300067955198735	[]	26.627348322769954	26.763916821328415	26.895607340192036
43	27.621081298834174	0.6640940987723276	27.250156490656497	27.78856713788716	28.171475171089174	26.93430227661132	[]	27.31848195198603	27.51936181427183	27.982576050758357
44	26.7836332957847	0.24605737787889836	26.6879470450556	26.88743671425243	26.97276037191315	26.313937111035415	[27.32165526]	26.67746750025868	26.787691879654016	26.923524878137577
45	28.41692737751668	0.2273171286631026	28.22490751038156	28.40920362533932	28.722662341070382	28.166134644833825	[28.90528831]	28.282566218878458	28.31705556786044	28.50988334754156
46	25.876173653621773	0.45751607328371335	25.748356790389998	26.119285436782874	26.347093002342035	25.13457308101654	[]	25.672858499462635	25.933821113586436	26.130374572746348
47	28.511999510619756	0.12083317690803952	28.48290056507619	28.58086540034014	28.685739311218263	28.438635482470193	[27.89785401]	28.482795017083486	28.531882982708165	28.603628193991526
48	27.042203508186333	0.2797230794089245	26.91641492447068	27.14319887648641	27.557124112447095	26.58526184399921	[]	26.8770892298108	27.029806900478544	27.156812309219724
49	27.98956757956926	0.3074392891188218	27.797962682883117	28.047217399864643	28.37261285127154	27.854227956818626	[27.17714482]	27.87520111002377	27.92259004137388	28.182640399142592
