	mean	iqr	cilo	cihi	whishi	whislo	fliers	q1	med	q3
0	26.191709213256836	5.1157755851746	24.729204958975014	27.00093191236289	32.9235725402832	19.9088325500488	[]	23.36290979385375	25.865068435668952	28.47868537902835
1	25.471327095031732	5.211895465850823	24.25222538304935	26.56663562464115	32.5386581420898	15.6787242889404	[]	22.81905317306515	25.40943050384525	28.030948638915973
2	26.616328086853017	5.275100231170651	25.333540290501055	27.67601743349794	34.3342056274414	18.0914974212646	[36.62401962]	23.428046226501476	26.504778861999498	28.703146457672126
3	26.317728652954102	5.888908386230426	25.176137363078382	27.791184032795613	37.4905738830566	17.5351467132568	[]	23.295549392700224	26.483660697936998	29.18445777893065
4	26.089518470764165	4.7836694717407475	25.102101083541644	27.226351980423257	32.8545150756836	20.4034957885742	[]	23.728653907775875	26.16422653198245	28.512323379516623
5	26.29864845275879	5.395516872405953	24.74865656907541	27.14460629408379	32.7882919311523	19.2172470092773	[37.45771027]	23.32901906967165	25.9466314315796	28.7245359420776
6	25.507706565856935	6.197868347168026	24.427212048669233	27.179456423620763	32.9479675292969	13.8305988311768	[]	22.327172279357875	25.803334236144998	28.5250406265259
7	26.095953788757324	6.030589580535853	25.012514715695602	27.6904767699001	33.034797668457	19.3304443359375	[]	22.8862171173096	26.35149574279785	28.916806697845452
8	26.152979850769043	5.8204183578491	24.891111421553134	27.47574419978477	32.7289161682129	20.1596965789795	[]	23.233457565307624	26.183427810668952	29.053875923156724
9	25.941898307800294	5.0758972167969	24.385791948771754	26.639810391926446	31.7005443572998	20.8251705169678	[]	23.3814277648926	25.5128011703491	28.4573249816895
10	25.358213710784916	5.198573589324951	23.933948556603436	26.242443044959064	32.8197822570801	19.0366725921631	[13.59050655]	22.886716842651374	25.08819580078125	28.085290431976325
11	25.47832180023194	4.859807968139652	24.181713499614307	26.339774690082894	32.7975540161133	20.2160243988037	[13.34428787]	23.23548460006715	25.2607440948486	28.0952925682068
12	26.078448829650874	4.6720075607299485	25.024872331060905	27.0995382982116	33.6814918518066	17.3915042877197	[15.11426353 35.94612885]	23.906943798065175	26.062205314636252	28.578951358795123
13	25.6987561416626	5.635575771331801	23.87194493677256	26.37449595067854	32.8914413452148	18.2257919311523	[]	22.75167036056515	25.12322044372555	28.38724613189695
14	26.40780876159668	5.535087108612025	24.54733276010785	27.00526047109335	33.4031066894531	19.2764854431152	[]	24.056150913238547	25.7762966156006	29.59123802185057
15	26.031699028015137	5.2034587860106996	24.367856679134555	26.678520502872246	33.0684356689453	19.6376953125	[]	23.603770732879674	25.5231885910034	28.807229518890374
16	25.79208496093751	5.661310672760024	24.41367150612196	26.92765043906854	33.1727256774902	18.542781829834	[]	22.749468803405776	25.67066097259525	28.4107794761658
17	26.13866268157959	5.064337253570553	25.111203702600115	27.36008879312738	32.5856056213379	19.0617275238037	[36.70800018]	23.18478679656985	26.235646247863748	28.249124050140402
18	25.421955223083497	5.310062885284474	24.27418655944544	26.63218932556436	32.6212501525879	18.3641223907471	[]	22.806715488433802	25.4531879425049	28.116778373718276
19	25.542499465942385	5.380717754364024	24.061042590948443	26.45042057433476	33.2019462585449	17.637601852417	[]	23.1984882354736	25.2557315826416	28.579205989837625
20	25.492937431335452	5.429141521453875	24.047269747652972	26.458150937161424	32.8169860839844	15.0515613555908	[]	22.809054851532	25.252710342407198	28.238196372985875
21	25.306363830566408	4.943718433380074	23.825183522624524	26.020506250935075	32.4330215454102	18.8354682922363	[12.33288574]	22.960545063018827	24.9228448867798	27.9042634963989
22	25.631975440979005	5.003408908844026	24.568294223786413	26.790123287199886	32.4567604064941	18.773006439209	[]	22.88210773468015	25.67920875549315	27.885516643524177
23	25.960428314208983	3.6515531539916743	24.7056652016776	26.3271850638254	32.450870513916	19.1472949981689	[]	24.2195382118225	25.5164251327515	27.871091365814173
24	26.311156616210937	6.146986484527574	24.58333536180835	27.31298498120925	37.7173385620117	17.451847076416	[]	23.1121463775635	25.9481601715088	29.259132862091075
25	26.151977691650394	5.302155017852726	24.975115328977555	27.32960650329785	32.6817893981934	19.7098979949951	[]	23.406509399414098	26.152360916137702	28.708664417266824
26	25.870551567077637	4.5654253959655975	24.773217832672593	26.800554597747407	32.4856872558594	19.8945198059082	[]	23.416570663452127	25.78688621521	27.981996059417725
27	25.50946842193603	4.9747214317321	23.745731939729417	25.95482195431348	32.8793830871582	19.2656021118164	[14.94698143]	22.916679859161427	24.85027694702145	27.891401290893526
28	26.16808376312255	5.7766728401183975	24.572105166655476	27.13731217648423	32.8077926635742	20.4028072357178	[]	23.255773544311527	25.854708671569853	29.032446384429925
29	26.274291152954103	5.478925228118904	24.811205323241133	27.244193617798963	37.0554962158203	19.0430679321289	[]	23.38956117630005	26.027699470520048	28.868486404418952
30	25.481715888977057	4.806917190551797	24.05278709715476	26.187361447156736	32.3719825744629	19.8175849914551	[14.51124573]	23.169484615325928	25.120074272155748	27.976401805877725
31	26.262500267028805	5.136491775512702	25.236307849089776	27.517234097321428	32.9670906066895	19.8482704162598	[36.80651474]	23.2914886474609	26.376770973205602	28.4279804229736
32	25.632323455810546	5.6465101242064755	24.306436378023324	26.81384293411048	33.0523147583008	18.90452003479	[]	22.882282733917275	25.5601396560669	28.52879285812375
33	26.051300086975097	4.953454494476301	24.737765233551944	26.937411386931455	32.6169204711914	19.7384853363037	[]	23.32691049575805	25.8375883102417	28.28036499023435
34	25.780464820861813	4.779231548309326	24.375154466149603	26.497434645178494	33.1721458435059	19.1888332366943	[]	23.589991092681874	25.43629455566405	28.3692226409912
35	25.65037834167481	5.392409324645975	24.423511314690607	26.81808109253599	32.8696899414063	18.958776473999	[]	22.726864337921175	25.6207962036133	28.11927366256715
36	26.3123318862915	4.58300924301145	25.506176800513657	27.541321902489344	33.0786972045898	19.1015033721924	[35.94458771]	23.7739591598511	26.5237493515015	28.35696840286255
37	25.870502376556395	4.417918682098399	24.757145617305	26.7189800998581	32.6476058959961	20.190824508667	[14.90977764]	23.877086639404276	25.73806285858155	28.295005321502675
38	25.73967628479004	4.769470691680976	24.482129537772753	26.600075280952847	32.7004547119141	19.9791831970215	[]	23.182087898254373	25.5411024093628	27.95155858993535
39	26.217239036560056	4.940896034240648	25.105262508135276	27.29933191325143	32.5306434631348	19.7767391204834	[]	23.75198268890385	26.202297210693352	28.6928787231445
40	25.843300323486336	4.45176124572755	24.529467202135987	26.50632991700461	32.9753341674805	19.9219131469727	[]	23.826354503631574	25.5178985595703	28.278115749359124
41	26.286174888610848	4.942911624908447	25.402646518796278	27.597610973269223	32.4452323913574	17.9776039123535	[36.6833725]	23.404256343841553	26.50012874603275	28.34716796875
42	26.598086853027354	5.3965239524841735	25.191357465057273	27.58775439712543	36.3343696594238	19.871603012085	[]	23.716082096099825	26.38955593109135	29.112606048584
43	25.766087913513182	4.919376850128199	24.35579659478489	26.540310125185812	31.9804210662842	20.7030563354492	[]	23.0133056640625	25.44805335998535	27.9326825141907
44	25.806718559265136	5.082773685455322	24.23467943204244	26.49175146090186	32.8571166992188	19.7644805908203	[]	22.966348171234152	25.36321544647215	28.049121856689474
45	26.71026245117188	5.4588804244994975	25.182450487824724	27.606537625578582	34.2888793945313	18.4126682281494	[37.48394394]	23.7910852432251	26.394494056701653	29.2499656677246
46	25.29536399841309	5.0840840339661035	23.952947758495437	26.210601664722365	32.7044715881348	19.5416698455811	[11.01552582]	22.9928021430969	25.0817747116089	28.076886177063002
47	25.893302230834955	5.065929889679001	24.646302929881752	26.89589525127055	32.3246955871582	19.6082611083984	[]	23.056773662567124	25.77109909057615	28.122703552246126
48	25.618003730773925	6.090510368347225	24.141736084454024	26.846306746966874	33.2021980285645	18.6038646697998	[]	22.39893531799315	25.49402141571045	28.489445686340375
49	26.024493789672857	4.562118530273427	24.998531872215544	27.02440018039676	32.4118232727051	19.8815040588379	[]	23.818851470947248	26.011466026306152	28.380970001220675
50	25.96141910552979	4.746788978576703	24.80556692989017	26.913440562175232	32.6720237731934	19.3261394500732	[]	23.310711860656724	25.8595037460327	28.057500839233427
51	25.909801597595216	4.729771137237577	24.244919958783154	26.345236596392642	33.1885375976563	20.2464714050293	[]	23.431566238403324	25.295078277587898	28.1613373756409
52	25.906951866149903	5.396730899810773	24.711090721548064	27.107579551279034	32.987232208252	20.0826015472412	[]	23.151118755340576	25.90933513641355	28.54784965515135
53	25.73385093688965	5.363862991332997	24.378823156432436	26.760716562195466	33.0123252868652	18.4709129333496	[]	23.0111618041992	25.56976985931395	28.375024795532198
54	26.065160369873052	5.117729663848827	25.18218028684491	27.454774974385586	33.2860145568848	17.6944122314453	[36.33049011]	23.21276378631595	26.31847763061525	28.330493450164777
55	25.662902374267578	5.253118515014624	24.13104539812746	26.46376127301514	32.9585647583008	19.779146194458	[]	22.81435585021975	25.2974033355713	28.067474365234375
56	26.38422914505005	5.101925373077375	25.049408324205487	27.314984910047414	33.2185668945313	19.9158630371094	[14.66028118]	24.111324787139875	26.18219661712645	29.21325016021725
57	26.27570945739745	5.0612053871155	25.029213605117622	27.27670794944778	33.0799980163574	19.5463371276855	[37.03185272]	23.2139582633972	26.1529607772827	28.2751636505127
58	26.51130317687989	5.701162338256797	25.090903158829704	27.622578744246496	34.5112266540527	18.7947044372559	[]	23.691175937652602	26.3567409515381	29.3923382759094
59	25.731076126098632	4.840257167816098	24.321973964631887	26.47135336691101	32.5296211242676	18.9714870452881	[]	23.23071050643925	25.39666366577145	28.07096767425535
60	25.86404155731202	4.742294788360599	24.808576080950136	26.914454009381966	32.5683288574219	19.3936347961426	[]	23.3594636917114	25.86151504516605	28.101758480072
61	26.21825969696044	4.651297092437748	25.257163312073136	27.322632525329265	32.8445205688477	19.9916152954102	[36.48546982]	23.8855056762695	26.2898979187012	28.536802768707247
62	25.64279720306397	4.950682640075751	24.224556209732878	26.422971484969327	32.6380653381348	18.8756332397461	[]	23.115885734558073	25.323763847351103	28.066568374633825
63	25.84346435546875	5.050896644592271	24.45348237515999	26.696398987755114	33.0478363037109	19.4030227661133	[]	23.2560076713562	25.57494068145755	28.306904315948472
64	25.221593284606932	4.549932479858374	24.151990580865483	26.17244751422732	32.1449661254883	18.5740795135498	[]	22.982710838317875	25.1622190475464	27.532643318176248
65	25.669510116577154	5.115839958190975	24.21689398949999	26.48864952856641	32.4613990783691	19.7622623443604	[]	22.867486476898176	25.3527717590332	27.98332643508915
66	25.754073982238765	5.339765548706001	24.501132166634996	26.872324788321002	32.674690246582	18.440580368042	[]	22.8875427246094	25.686728477478	28.2273082733154
67	25.68317699432373	5.082754611968973	24.276816044582336	26.533879603611066	32.5874557495117	19.1531581878662	[]	22.961900234222426	25.4053478240967	28.0446548461914
68	25.97561859130859	4.561325073242248	24.4411490313269	26.466664994551998	32.8468055725098	19.803503036499	[]	23.54190111160275	25.45390701293945	28.103226184845
69	25.934883270263672	4.689558506012002	24.753543255009795	26.8360029486035	32.4632606506348	20.2532291412354	[]	23.330407142639125	25.794773101806648	28.019965648651127
70	25.653573989868164	4.939317703247127	24.033912851249145	26.227281377876853	32.6091499328613	20.0329780578613	[]	23.29246234893795	25.130597114563	28.231780052185076
71	26.46755336761475	5.967294692993125	24.816025497540114	27.465880630389588	37.2029685974121	19.8917503356934	[]	22.95578956604005	26.14095306396485	28.923084259033175
72	25.8561429977417	5.526129722595201	24.364011218454078	26.817961285208018	32.3259353637695	18.8603229522705	[37.00837326]	22.859875202178973	25.590986251831048	28.386004924774173
73	25.93319438934326	5.401098728180003	24.665873298677308	27.064301719633296	32.8818397521973	19.6907730102539	[]	22.9368572235107	25.865087509155302	28.337955951690702
74	25.277378234863285	4.4342875480652	23.828963063852704	25.798066355092594	32.9264106750488	18.9839649200439	[]	22.7905058860779	24.81351470947265	27.2247934341431
75	25.79941738128662	4.381751060485847	24.587267072242557	26.53304085012064	32.6624717712402	18.5875129699707	[]	23.669133186340353	25.560153961181598	28.0508842468262
76	26.2008846282959	5.230569839477575	24.89468743597552	27.217390277037175	33.1243133544922	19.0528621673584	[36.39949417]	23.3032851219177	26.056038856506348	28.533854961395274
77	25.93172863006592	4.5904812812805	24.505452373259896	26.543915531403204	33.2315101623535	19.5969066619873	[]	23.7476806640625	25.52468395233155	28.338161945343
78	26.149641876220713	5.0516562461853525	24.823478590872423	27.06673251447428	32.5005950927734	20.2528781890869	[]	23.438139915466273	25.94510555267335	28.489796161651626
79	25.837742500305175	5.485708236694325	24.24898742081718	26.684987798909425	32.9150581359863	18.849573135376	[]	22.983247280120825	25.466987609863303	28.46895551681515
80	25.49144008636475	5.393775463104223	24.029631366870195	26.4248077963378	32.5630264282227	18.5150947570801	[]	22.62907218933105	25.227219581603997	28.022847652435274
81	26.02632656097412	5.419435501098601	24.625333451084497	27.0319045555073	32.2249336242676	20.0464000701904	[]	23.238939285278324	25.8286190032959	28.658374786376925
82	26.143863182067868	5.109539508819573	24.984787638885706	27.253745381133797	32.8353805541992	20.0409870147705	[]	23.46456432342525	26.11926651000975	28.574103832244823
83	25.875820388793944	4.337996006011949	24.53314597618443	26.459489750744268	32.2930870056152	19.8343486785889	[]	23.551965713501	25.49631786346435	27.88996171951295
84	25.90144067764282	5.428663730621373	24.732412491522947	27.14308151177295	33.0213432312012	19.3235378265381	[14.01556301 36.73114014]	22.688211917877176	25.93774700164795	28.11687564849855
85	25.23720359802246	5.52433872222905	23.30715885411614	25.76031360376956	32.3533020019531	19.0971813201904	[]	22.528607845306375	24.53373622894285	28.052946567535425
86	25.979141426086425	5.151758670806874	25.08985361807866	27.37755933052974	32.5283241271973	19.6000308990479	[]	23.353050708770752	26.2337064743042	28.504809379577626
87	25.69548080444336	5.226348400116024	24.177177997045384	26.498006252832518	33.1673164367676	18.656078338623	[]	23.047915458679174	25.33759212493895	28.274263858795198
88	26.218579177856444	4.757781505584752	25.244520094541684	27.35727510199152	32.7552185058594	19.310525894165	[36.05847549]	23.36254358291625	26.3008975982666	28.120325088501
89	26.013755760192875	4.984886169433551	24.561558810595308	26.775162609692792	33.1601181030273	19.6740951538086	[]	23.540032386779824	25.66836071014405	28.524918556213375
90	26.06700141906738	5.526905536651629	25.034658245804433	27.488952822921167	33.1563758850098	18.6553497314453	[]	23.435050964355447	26.2618055343628	28.961956501007077
91	25.615925750732423	4.893454551696799	23.930934829889942	26.103937225163854	32.2815208435059	20.2150726318359	[]	22.9829964637756	25.017436027526898	27.876451015472398
92	26.037309722900385	3.9496617317199743	25.29739081362575	27.05128968259005	32.5106163024902	19.7469348907471	[]	24.05178594589235	26.1743402481079	28.001447677612326
93	25.58613033294677	5.268664836883552	24.364024746334174	26.703644168460727	32.8058586120605	19.4792556762695	[]	23.00627946853635	25.53383445739745	28.2749443054199
94	26.23429466247559	5.573786735534597	24.55613333494178	27.03124612062462	33.6738548278809	18.9357528686523	[36.90594864]	22.862787723541302	25.7936897277832	28.4365744590759
95	25.535075302124028	5.435814857482903	24.123913056649013	26.537757628165483	32.9068984985352	19.5743808746338	[]	22.980854988098123	25.330835342407248	28.416669845581026
96	26.359439735412593	4.777652740478505	24.979780714696943	27.10135980349156	33.3625869750977	20.3090591430664	[36.42353821]	23.677124500274672	26.040570259094252	28.454777240753177
97	25.788037414550775	4.632848739623977	24.476209989584707	26.533486970864498	32.2858772277832	19.9435958862305	[]	23.254842281341574	25.504848480224602	27.88769102096555
98	25.937857704162596	5.138937950134277	24.58686087445688	26.86887337847282	32.8028755187988	19.9503898620605	[]	23.317419052124023	25.72786712646485	28.4563570022583
