	mean	iqr	cilo	cihi	whishi	whislo	fliers	q1	med	q3
0	25.83007037639617	0.8013019561767258	25.561432166099582	26.190454201698312	26.9313926696777	25.0302772521973	[]	25.441893577575673	25.875943183898947	26.2431955337524
1	24.021546483039845	0.6972589492798242	23.71932875394817	24.26667702913283	24.9575939178467	23.2009525299072	[]	23.704459667205775	23.9930028915405	24.4017186164856
2	25.742617845535275	0.20502567291265095	25.629992854595184	25.790938007831617	25.9983654022217	25.5075778961182	[]	25.6623210906982	25.7104654312134	25.86734676361085
3	29.105397939681996	0.5104970932006481	28.959845268726347	29.36058548688886	29.6689167022705	28.5095481872559	[]	28.841587543487552	29.160215377807603	29.3520846366882
4	27.26739013195039	0.5920553207397496	27.064110863208796	27.528874289989503	28.2927627563477	26.4539470672607	[]	26.961214542388927	27.29649257659915	27.553269863128676
5	27.193889617919925	0.057735919952428105	27.232229093313222	27.277551790475876	27.3185043334961	27.1949291229248	[27.12599373 26.74617386 26.74944878 27.36517525]	27.219303607940674	27.25489044189455	27.277039527893102
6	26.569599986076355	0.19629764556887608	26.467010066509268	26.621103718280835	26.8694286346436	26.3699264526367	[]	26.468568325042725	26.54405689239505	26.6648659706116
7	25.14026689529419	0.8039722442627237	24.94499997615813	25.57611818790437	25.7470989227295	24.2610321044922	[]	24.728513240814227	25.26055908203125	25.53248548507695
8	20.38996291160583	0.5057115554809499	20.483916547298428	20.880900118350972	21.1397686004639	20.2691879272461	[18.55916405 17.97772789]	20.330381393432624	20.6824083328247	20.836092948913574
9	20.19205379486084	0.7045664787292765	19.81447156548496	20.367556251287443	20.8734264373779	19.180082321167	[]	19.899151802062974	20.091013908386202	20.60371828079225
10	20.745533227920543	0.6097760200500488	20.526541589498557	21.005215765237843	21.4781360626221	19.7470512390137	[]	20.397950649261475	20.7658786773682	21.007726669311523
11	20.57695376873017	0.6573748588562225	20.268312269449233	20.784351533651368	21.3320350646973	19.8562335968018	[]	20.23844242095945	20.5263319015503	20.895817279815674
12	20.764762997627262	0.4937753677368235	20.754559333324398	21.142172996997804	21.3119945526123	20.2357387542725	[19.7428093  19.78731155]	20.5881314277649	20.9483661651611	21.081906795501723
13	21.66249287128449	0.10338354110715287	21.628243294954295	21.70939937472341	21.8161754608154	21.5330982208252	[21.36088371 21.90256119]	21.619954109191898	21.668821334838853	21.72333765029905
14	20.826494097709656	1.0037894248962758	20.406027146577813	21.19400184512139	21.6121158599854	19.8223991394043	[]	20.426048755645752	20.800014495849602	21.429838180542028
15	35.43031287193298	0.3197517395019247	35.30945685386659	35.56046196937561	35.9616508483887	35.0452651977539	[]	35.250244140625	35.4349594116211	35.569995880126925
16	22.43324756622315	0.7524194717407013	22.26031271696092	22.850962002277374	23.0738697052002	21.3992156982422	[]	22.1026611328125	22.555637359619148	22.8550806045532
17	28.417330384254463	0.035107135772726394	28.394584745168707	28.422143846750295	28.4720420837402	28.3598804473877	[28.48813629 28.50281143]	28.394796371459975	28.4083642959595	28.4299035072327
18	30.936549186706557	0.069732666015625	30.922588729858415	30.977328872680683	31.0079021453857	30.8336048126221	[]	30.906760215759274	30.94995880126955	30.9764928817749
19	25.98493134975433	0.21139192581172495	25.94106126189235	26.107003923654553	26.2045307159424	25.8933734893799	[25.59321213 25.49296188]	25.915379047393824	26.02403259277345	26.12677097320555
20	23.713268756866455	0.3156142234802246	23.66106213688851	23.908819302320488	24.1228656768799	23.2574577331543	[]	23.5434379577637	23.7849407196045	23.859052181243925
21	27.214580416679382	0.488367557525649	27.096813658475885	27.48018219113352	27.778865814209	26.4120273590088	[]	26.958968162536625	27.2884979248047	27.447335720062274
22	27.066803574562062	0.6426496505737731	26.954159929752343	27.458639905452756	27.8024806976318	26.4379844665527	[25.33333588]	26.7793822288513	27.20639991760255	27.422031879425074
23	29.549483537673957	0.05279302597045188	29.530264073610347	29.571706598997153	29.6046524047852	29.4703330993652	[29.42038727 29.66070747 29.6668663 ]	29.512738227844224	29.55098533630375	29.565531253814676
24	24.908128142356876	0.8002548217773509	24.83147741317749	25.459677448272707	25.5502605438232	24.0439376831055	[]	24.440983772277825	25.145577430725098	25.241238594055176
25	27.48008751869202	0.2561979293823242	27.376700994968385	27.57781636953351	27.6737861633301	27.263744354248	[]	27.360546112060575	27.477258682250948	27.6167440414429
26	23.169656991958618	0.38594818115229756	23.014716930389422	23.317686252593976	23.6141033172607	22.7295455932617	[22.2774353  23.99344826]	22.991427421569853	23.1662015914917	23.37737560272215
27	28.392480254173286	0.16575908660890093	28.29996317148211	28.430084054470097	28.5304107666016	28.2733058929443	[]	28.3106179237366	28.365023612976103	28.4763770103455
28	26.81741166114807	0.2261891365051234	26.73406526923179	26.91162374138831	27.0823078155518	26.5740852355957	[]	26.705777168273926	26.82284450531005	26.93196630477905
29	24.498006343841563	0.13273811340334873	24.453475470542887	24.557674889564513	24.7213687896729	24.3352737426758	[]	24.428302764892575	24.5055751800537	24.561040878295923
30	23.057008028030406	0.7924857139588042	22.897505532503118	23.519606817960778	23.8531951904297	21.9773864746094	[]	22.6645436286926	23.208556175231948	23.457029342651403
31	25.697861909866337	0.09195327758782668	25.664190435409576	25.736373758316024	25.7778358459473	25.5775508880615	[]	25.657562732696576	25.7002820968628	25.749516010284403
32	22.941460132598888	1.0085434913635254	22.534397801160814	23.326104441881185	23.8622608184814	21.9985790252686	[]	22.401884555816675	22.930251121521	23.4104280471802
33	32.495297908782966	0.06526756286625357	32.48220261096955	32.533437647819554	32.5621528625488	32.4273109436035	[]	32.45790767669675	32.50782012939455	32.523175239563
34	31.766408562660217	0.15009498596189985	31.683388705253606	31.8012132692337	31.9334564208984	31.6560554504395	[]	31.69450759887695	31.742300987243652	31.84460258483885
35	28.550052165985115	0.3358654975890971	28.36795440077783	28.63160881638527	29.0194854736328	28.1236248016357	[29.25730133]	28.32425165176395	28.49978160858155	28.66011714935305
36	32.87699413299561	0.0653276443480948	32.858016355037726	32.909298555850974	32.9695739746094	32.7951126098633	[]	32.841599464416525	32.88365745544435	32.90692710876462
37	24.82526206970215	0.6514863967895757	24.46828489065169	24.97970171213151	25.7786445617676	23.8582458496094	[]	24.555969238281225	24.7239933013916	25.2074556350708
38	28.24939012527465	0.04310846328734996	28.237781542539615	28.271621686220186	28.3173427581787	28.1800365447998	[]	28.2265849113464	28.2547016143799	28.26969337463375
39	25.481199622154236	0.33673572540284624	25.423148152828233	25.687485697269466	25.9884223937988	25.0545711517334	[24.79025269]	25.32690477371215	25.55531692504885	25.663640499114997
40	26.43633484840393	0.16400909423822796	26.367762012481695	26.496509151458707	26.557596206665	26.3045406341553	[]	26.353917598724372	26.4321355819702	26.5179266929626
41	28.197914719581597	0.12039852142337537	28.166390469074226	28.260903308391573	28.410623550415	27.985523223877	[]	28.141913414001422	28.2136468887329	28.262311935424798
42	28.395133733749383	0.07351207733155363	28.371233866214716	28.428940846919986	28.479434967041	28.3111934661865	[]	28.355699539184574	28.40008735656735	28.429211616516127
43	27.378348231315602	0.17844295501715024	27.274594242572768	27.41467196226123	27.5636825561523	27.2198448181152	[]	27.29503726959225	27.344633102417	27.4734802246094
44	29.468463301658627	0.1815252304077717	29.35938107728955	29.501878383159653	29.6043720245361	29.3529949188232	[]	29.382002353668177	29.430629730224602	29.56352758407595
45	29.468287587165833	0.1814393997192738	29.358767220973935	29.501197149753562	29.6045570373535	29.3529949188232	[]	29.382088184356675	29.429982185363748	29.56352758407595
46	31.610922694206245	0.07733964920042524	31.595489143133182	31.656200767755518	31.6753425598145	31.4752712249756	[]	31.577955245971676	31.62584495544435	31.6552948951721
47	31.0610054731369	0.3997673988342214	31.07878427386287	31.392601681947735	31.4782733917236	30.6321201324463	[30.05386925 29.95188713]	30.9466462135315	31.235692977905302	31.346413612365723
48	32.53409671783449	0.3643226623534943	32.372941160202046	32.658934450149545	32.8999900817871	31.9952697753906	[]	32.3618564605713	32.515937805175795	32.7261791229248
49	31.05827629566193	0.37970590591427467	31.069319657087345	31.367388793230052	31.4782733917236	30.4351787567139	[30.11169243]	30.913455486297625	31.2183542251587	31.2931613922119
